"abortab" <-
structure(c(96, 138, 117, 75, 72, 83, 45, 66, 62, 53, 55, 68, 
24, 18, 16, 12, 6, 4, 7, 8, 10, 10, 11, 14, 140, 171, 152, 101, 
102, 111, 44, 69, 67, 60, 68, 83, 21, 25, 20, 17, 14, 13, 5, 
8, 6, 6, 6, 6), .Dim = c(6, 2, 2, 2), .Dimnames = structure(list(
    Age = c("20", "30", "40", "50", "60", "70"), Opin = c("yes", 
    "no"), Race = c("white", "nonwhite"), Sex = c("m", "f")), .Names = c("Age", 
"Opin", "Race", "Sex")), class = c("xtabs", "table"))
