# Christensen
"abort" <-
structure(list(Age = c(20, 20, 20, 30, 30, 30, 40, 40, 40, 50, 
50, 50, 60, 60, 60, 70, 70, 70, 20, 30, 40, 50, 60, 70, 20, 30, 
40, 50, 60, 70, 20, 30, 40, 50, 60, 70, 20, 30, 40, 50, 60, 70, 
20, 30, 40, 50, 60, 70, 20, 30, 40, 50, 60, 70, 20, 30, 40, 50, 
60, 70, 20, 30, 40, 50, 60, 70, 20, 30, 40, 50, 60, 70), Freq = c(96, 
44, 1, 138, 64, 2, 117, 56, 6, 75, 48, 5, 72, 49, 6, 83, 60, 
8, 140, 171, 152, 101, 102, 111, 43, 65, 58, 51, 58, 67, 1, 4, 
9, 9, 10, 16, 24, 18, 16, 12, 6, 4, 5, 7, 7, 6, 8, 10, 2, 1, 
3, 4, 3, 4, 21, 25, 20, 17, 14, 13, 4, 6, 5, 5, 5, 5, 1, 2, 1, 
1, 1, 1), Opin = structure(c(1, 2, 2, 1, 2, 2, 1, 2, 2, 1, 2, 
2, 1, 2, 2, 1, 2, 2, 1, 1, 1, 1, 1, 1, 2, 2, 2, 2, 2, 2, 2, 2, 
2, 2, 2, 2, 1, 1, 1, 1, 1, 1, 2, 2, 2, 2, 2, 2, 2, 2, 2, 2, 2, 
2, 1, 1, 1, 1, 1, 1, 2, 2, 2, 2, 2, 2, 2, 2, 2, 2, 2, 2), .Label = c("yes", 
"no"), class = "factor"), Race = structure(c(1, 1, 1, 1, 1, 1, 
1, 1, 1, 1, 1, 1, 1, 1, 1, 1, 1, 1, 1, 1, 1, 1, 1, 1, 1, 1, 1, 
1, 1, 1, 1, 1, 1, 1, 1, 1, 2, 2, 2, 2, 2, 2, 2, 2, 2, 2, 2, 2, 
2, 2, 2, 2, 2, 2, 2, 2, 2, 2, 2, 2, 2, 2, 2, 2, 2, 2, 2, 2, 2, 
2, 2, 2), .Label = c("white", "nonwhite"), class = "factor"), 
    Sex = structure(c(1, 1, 1, 1, 1, 1, 1, 1, 1, 1, 1, 1, 1, 
    1, 1, 1, 1, 1, 2, 2, 2, 2, 2, 2, 2, 2, 2, 2, 2, 2, 2, 2, 
    2, 2, 2, 2, 1, 1, 1, 1, 1, 1, 1, 1, 1, 1, 1, 1, 1, 1, 1, 
    1, 1, 1, 2, 2, 2, 2, 2, 2, 2, 2, 2, 2, 2, 2, 2, 2, 2, 2, 
    2, 2), .Label = c("m", "f"), class = "factor")), .Names = c("Age", 
"Freq", "Opin", "Race", "Sex"), class = "data.frame", row.names = c("1", 
"2", "3", "4", "5", "6", "7", "8", "9", "10", "11", "12", "13", 
"14", "15", "16", "17", "18", "19", "20", "21", "22", "23", "24", 
"25", "26", "27", "28", "29", "30", "31", "32", "33", "34", "35", 
"36", "37", "38", "39", "40", "41", "42", "43", "44", "45", "46", 
"47", "48", "49", "50", "51", "52", "53", "54", "55", "56", "57", 
"58", "59", "60", "61", "62", "63", "64", "65", "66", "67", "68", 
"69", "70", "71", "72"))
