"accident" <-
structure(list(acc = c(13, 6, 30, 20, 10, 15, 7, 13, 0, 2, 4, 
0, 0, 6, 1, 2), years = c(9, 9, 8, 8, 9, 8, 9, 8, 2, 2, 3, 2, 
2, 2, 2, 3), contr = structure(c(1, 1, 1, 1, 1, 1, 1, 1, 2, 2, 
2, 2, 2, 2, 2, 2), .Label = c("n", "y"), class = "factor"), loc = c(1, 
2, 3, 4, 5, 6, 7, 8, 1, 2, 3, 4, 5, 6, 7, 8)), .Names = c("acc", 
"years", "contr", "loc"), class = "data.frame", row.names = c("1", 
"2", "3", "4", "5", "6", "7", "8", "9", "10", "11", "12", "13", 
"14", "15", "16"))
