"alberi" <-
structure(list(diam = c(7.2, 8.2, 10.3, 10.1, 10.7, 13.3, 5.1, 
7.2, 10.2, 11.3, 12.6, 17.1, 5.1, 6.5, 8.4, 8.8, 11.6, 15, 4.8, 
8.2, 9, 10.2, 11.5, 11.9), peso = c(10.404, 18.161, 25.778, 20.511, 
21.87, 47.186, 4.447, 8.682, 19.511, 37.682, 25.775, 67.363, 
4.02, 7.504, 13.391, 13.969, 24.409, 35.288, 3.564, 12.829, 14.956, 
19.039, 23.714, 25.39), a = structure(c(1, 1, 1, 1, 1, 1, 1, 
1, 1, 1, 1, 1, 2, 2, 2, 2, 2, 2, 2, 2, 2, 2, 2, 2), .Label = c("1", 
"2"), class = "factor"), b = structure(c(1, 1, 1, 1, 1, 1, 2, 
2, 2, 2, 2, 2, 1, 1, 1, 1, 1, 1, 2, 2, 2, 2, 2, 2), .Label = c("1", 
"2"), class = "factor")), .Names = c("diam", "peso", "a", "b"
), row.names = c("1", "2", "3", "4", "5", "6", "7", "8", "9", 
"10", "11", "12", "13", "14", "15", "16", "17", "18", "19", "20", 
"21", "22", "23", "24"), class = "data.frame")
