# Dati fittizi di Altham. vote are voting intentions (1=labour, 2=conservative, 3=other)
# status is employment status (1=employed, 2 = unemployed, 3 = student, 4 = pensioner)
# urb is place of residence (1= urban, 0=non-urban).
"altham" <-
structure(list(status = structure(c(1, 1, 1, 1, 1, 1, 2, 2, 2, 
2, 2, 2, 3, 3, 3, 3, 3, 3, 4, 4, 4, 4, 4, 4), .Label = c("1", 
"2", "3", "4"), class = "factor"), urb = structure(c(2, 2, 2, 
1, 1, 1, 2, 2, 2, 1, 1, 1, 2, 2, 2, 1, 1, 1, 2, 2, 2, 1, 1, 1
), .Label = c("0", "1"), class = "factor"), vote = structure(c(1, 
2, 3, 1, 2, 3, 1, 2, 3, 1, 2, 3, 1, 2, 3, 1, 2, 3, 1, 2, 3, 1, 
2, 3), .Label = c("1", "2", "3"), class = "factor"), Freq = c(50, 
40, 13, 31, 40, 9, 40, 7, 5, 60, 5, 5, 14, 9, 16, 32, 7, 11, 
10, 14, 6, 3, 25, 2)), .Names = c("status", "urb", "vote", "Freq"
), row.names = c("1", "2", "3", "4", "5", "6", "7", "8", "9", 
"10", "11", "12", "13", "14", "15", "16", "17", "18", "19", "20", 
"21", "22", "23", "24"), class = "data.frame")
