"anx" <-
structure(list(Anx = c(41, 30, 22, 39, 30, 28, 21, 34, 30, 26, 
30, 25, 20, 27, 21, 21, 25, 30, 23, 22, 33, 51, 29, 40, 42, 36, 
27, 32, 39, 21, 23, 34, 32, 21, 25, 22, 29, 32, 23, 33, 33, 23, 
31, 28, 28, 24, 33, 20, 24, 20, 42, 42, 24, 30, 25, 23, 24, 26, 
34, 30, 40, 24, 21, 21, 23, 21, 30, 26, 32, 37, 35, 28, 30, 27, 
25, 27, 25, 28, 24, 28, 32, 24, 29, 27, 26, 33, 32, 32, 23, 31, 
27, 33, 30, 27, 29, 37, 21, 32, 29, 31, 33, 31, 32, 23, 32, 37, 
31, 27, 29, 27, 26, 38, 29, 23, 35, 26, 31, 35, 27, 22, 39, 37, 
24, 39, 38, 26, 34, 26, 34, 36, 33, 26, 33, 29, 27, 26, 29, 34, 
31, 29, 29, 28, 32, 26, 28, 22, 23, 36, 29, 32, 29, 24, 26, 23, 
29, 32, 33, 29, 32, 29, 39, 33, 29, 28, 20, 20, 27, 30, 29, 31, 
32, 30, 28, 32, 35, 30, 40, 26, 37, 45, 44, 25, 27, 38, 38, 29, 
30, 24, 48, 29, 36, 53, 43, 21, 23, 26, 27, 24, 23, 26, 29, 37, 
32, 38, 26, 49, 47, 22, 28, 47, 39, 28, 42, 26, 27, 23, 36, 36, 
26, 44, 27, 25, 28, 54, 23, 44, 29, 33, 20, 29, 48, 45, 44, 32, 
30, 35, 48, 43, 34, 41, 25, 31, 37, 25, 52, 35), U = c(14, 14, 
19, 13, 27, 25, 12, 16, 9, 22, 28, 27, 4, 35, 22, 8, 31, 16, 
3, 18, 4, 4, 28, 17, 24, 25, 13, 19, 14, 3, 6, 14, 17, 10, 21, 
15, 20, 1, 9, 22, 10, 12, 13, 4, 19, 10, 17, 12, 1, 19, 18, 22, 
20, 17, 15, 33, 23, 23, 11, 13, 13, 20, 36, 15, 13, 22, 29, 10, 
15, 4, 20, 12, 6, 8, 12, 14, 14, 12, 16, 10, 8, 8, 13, 6, 16, 
7, 23, 21, 14, 12, 14, 19, 10, 7, 18, 3, 19, 8, 2, 12, 19, 21, 
11, 32, 25, 19, 10, 18, 20, 13, 20, 21, 6, 9, 11, 36, 13, 27, 
13, 16, 16, 2, 28, 16, 26, 22, 19, 21, 13, 29, 15, 19, 16, 16, 
14, 10, 18, 13, 6, 21, 16, 14, 22, 13, 17, 13, 23, 11, 16, 7, 
23, 9, 23, 30, 18, 22, 19, 23, 11, 16, 9, 21, 17, 15, 36, 31, 
19, 12, 22, 25, 25, 31, 19, 15, 23, 14, 9, 14, 10, 27, 12, 14, 
22, 26, 3, 8, 19, 23, 12, 11, 23, 24, 21, 23, 11, 18, 15, 9, 
25, 3, 23, 20, 16, 24, 20, 8, 14, 23, 20, 19, 18, 10, 10, 3, 
8, 11, 16, 1, 16, 4, 8, 22, 11, 7, 20, 2, 20, 5, 13, 16, 13, 
16, 8, 17, 4, 14, 9, 13, 20, 19, 10, 9, 5, 28, 15, 18), W = c(15, 
21, 7, 22, 26, 22, 6, 20, 8, 3, 24, 2, 9, 10, 3, 2, 6, 4, 3, 
7, 4, 34, 25, 23, 13, 17, 2, 23, 22, 1, 7, 17, 13, 8, 17, 18, 
18, 1, 2, 16, 27, 3, 19, 2, 21, 4, 19, 5, 5, 4, 33, 18, 4, 17, 
1, 4, 19, 11, 21, 9, 11, 22, 3, 5, 6, 9, 16, 18, 15, 6, 26, 8, 
27, 20, 1, 21, 26, 12, 4, 2, 36, 3, 5, 5, 26, 19, 24, 13, 1, 
28, 27, 18, 14, 6, 18, 12, 3, 11, 1, 23, 22, 16, 33, 2, 21, 19, 
10, 8, 19, 22, 16, 20, 4, 4, 22, 11, 5, 14, 3, 20, 10, 3, 12, 
19, 21, 14, 18, 18, 23, 36, 17, 18, 12, 8, 13, 10, 31, 9, 24, 
35, 13, 22, 16, 4, 10, 3, 6, 8, 18, 3, 4, 13, 5, 2, 26, 15, 10, 
22, 22, 13, 34, 18, 16, 13, 8, 7, 10, 10, 14, 19, 12, 6, 16, 
12, 27, 13, 28, 13, 24, 28, 26, 6, 1, 6, 25, 17, 22, 10, 31, 
20, 20, 13, 19, 18, 3, 15, 17, 14, 8, 13, 24, 23, 22, 23, 17, 
28, 34, 13, 8, 27, 9, 14, 11, 21, 9, 4, 28, 9, 8, 28, 11, 26, 
14, 32, 4, 11, 4, 7, 9, 22, 24, 27, 7, 29, 14, 21, 34, 17, 17, 
24, 9, 6, 17, 19, 34, 18), Inc = c(24, 26, 20, 19, 33, 23, 17, 
32, 24, 19, 17, 23, 16, 21, 23, 16, 20, 16, 17, 17, 18, 48, 24, 
40, 33, 27, 16, 21, 27, 23, 18, 17, 21, 26, 16, 17, 19, 23, 16, 
25, 18, 17, 41, 15, 25, 18, 21, 35, 16, 15, 25, 31, 16, 22, 19, 
17, 16, 22, 30, 17, 25, 42, 17, 21, 20, 16, 19, 21, 27, 32, 32, 
25, 29, 29, 18, 36, 23, 18, 20, 17, 38, 16, 22, 20, 17, 21, 20, 
22, 18, 21, 24, 36, 21, 18, 29, 31, 16, 24, 29, 31, 25, 28, 25, 
21, 27, 25, 43, 18, 25, 20, 25, 26, 16, 17, 26, 20, 17, 29, 23, 
20, 27, 24, 16, 26, 26, 24, 29, 19, 31, 28, 25, 24, 24, 19, 29, 
19, 24, 22, 23, 24, 19, 20, 23, 31, 23, 20, 20, 16, 18, 24, 24, 
20, 19, 20, 24, 27, 33, 18, 31, 24, 46, 27, 23, 18, 18, 16, 27, 
22, 37, 22, 22, 22, 16, 21, 22, 19, 30, 21, 27, 17, 32, 19, 25, 
23, 24, 24, 22, 21, 37, 19, 19, 45, 49, 20, 19, 20, 21, 23, 25, 
21, 31, 30, 28, 25, 17, 23, 27, 17, 29, 37, 18, 24, 27, 16, 21, 
18, 30, 27, 24, 28, 22, 17, 23, 24, 21, 42, 28, 17, 18, 24, 24, 
32, 16, 22, 17, 29, 25, 45, 19, 25, 20, 21, 24, 17, 34, 16), 
    Supp = c(57, 24, 42, 49, 31, 38, 27, 32, 30, 24, 43, 40, 
    16, 46, 24, 46, 29, 46, 31, 29, 19, 33, 23, 42, 15, 49, 43, 
    15, 37, 26, 24, 26, 36, 36, 40, 35, 29, 29, 37, 30, 37, 27, 
    42, 29, 30, 26, 28, 36, 30, 51, 57, 40, 43, 44, 26, 53, 52, 
    34, 36, 49, 23, 44, 29, 33, 45, 25, 50, 17, 52, 29, 19, 27, 
    35, 45, 33, 45, 24, 29, 48, 30, 33, 32, 18, 29, 37, 41, 39, 
    54, 36, 33, 33, 24, 25, 42, 41, 35, 53, 44, 27, 45, 29, 30, 
    36, 30, 34, 29, 47, 33, 38, 24, 21, 45, 48, 38, 34, 39, 39, 
    27, 30, 22, 19, 38, 36, 28, 28, 43, 26, 29, 35, 28, 42, 28, 
    44, 35, 28, 46, 32, 35, 33, 44, 34, 40, 26, 42, 46, 43, 44, 
    39, 26, 43, 36, 31, 33, 45, 39, 31, 30, 18, 31, 47, 57, 45, 
    28, 31, 50, 42, 25, 29, 37, 40, 55, 52, 52, 38, 16, 48, 32, 
    32, 27, 29, 46, 39, 39, 35, 26, 41, 34, 38, 39, 49, 50, 18, 
    26, 56, 41, 38, 37, 40, 50, 16, 39, 20, 29, 29, 19, 47, 37, 
    27, 23, 25, 32, 25, 31, 25, 37, 28, 41, 28, 34, 24, 19, 33, 
    34, 24, 38, 36, 49, 42, 43, 33, 24, 31, 41, 37, 43, 37, 26, 
    31, 35, 22, 20, 32, 46, 22, 15, 19), Gender = structure(c(2, 
    2, 1, 1, 1, 2, 1, 1, 2, 1, 1, 2, 2, 1, 2, 1, 2, 2, 1, 1, 
    1, 2, 1, 1, 2, 2, 2, 1, 1, 1, 2, 2, 1, 2, 2, 2, 2, 2, 2, 
    1, 2, 1, 2, 2, 2, 1, 1, 2, 1, 2, 1, 1, 1, 2, 2, 2, 1, 2, 
    2, 2, 2, 1, 1, 2, 1, 1, 2, 1, 1, 2, 1, 1, 2, 2, 2, 2, 2, 
    2, 1, 2, 1, 1, 1, 1, 1, 1, 1, 1, 2, 1, 2, 1, 2, 2, 1, 2, 
    2, 1, 1, 2, 1, 2, 1, 2, 1, 2, 1, 2, 1, 2, 2, 1, 2, 1, 1, 
    1, 2, 1, 1, 1, 2, 1, 1, 2, 2, 1, 1, 1, 2, 1, 2, 1, 2, 1, 
    2, 1, 1, 1, 2, 2, 1, 1, 1, 2, 2, 2, 1, 2, 2, 1, 2, 1, 2, 
    1, 2, 2, 1, 1, 1, 1, 1, 1, 1, 1, 1, 1, 1, 1, 1, 1, 1, 1, 
    1, 1, 1, 1, 1, 1, 1, 1, 1, 1, 1, 1, 1, 1, 1, 1, 1, 1, 1, 
    1, 1, 1, 1, 1, 1, 1, 1, 1, 1, 1, 1, 1, 1, 1, 1, 2, 2, 2, 
    2, 2, 2, 2, 2, 2, 2, 2, 2, 2, 2, 2, 2, 2, 2, 2, 2, 2, 2, 
    2, 2, 2, 2, 2, 2, 2, 2, 2, 2, 2, 2, 2, 2, 2, 2, 2), .Label = c("1", 
    "2"), class = "factor")), .Names = c("Anx", "U", "W", "Inc", 
"Supp", "Gender"), class = "data.frame", row.names = c("1", "2", 
"3", "4", "5", "6", "7", "8", "9", "10", "11", "12", "13", "14", 
"15", "16", "17", "18", "19", "20", "21", "22", "23", "24", "25", 
"26", "27", "28", "29", "30", "31", "32", "33", "34", "35", "36", 
"37", "38", "39", "40", "41", "42", "43", "44", "45", "46", "47", 
"48", "49", "50", "51", "52", "53", "54", "55", "56", "57", "58", 
"59", "60", "61", "62", "63", "64", "65", "66", "67", "68", "69", 
"70", "71", "72", "73", "74", "75", "76", "77", "78", "79", "80", 
"81", "82", "83", "84", "85", "86", "87", "88", "89", "90", "91", 
"92", "93", "94", "95", "96", "97", "98", "99", "100", "101", 
"102", "103", "104", "105", "106", "107", "108", "109", "110", 
"111", "112", "113", "114", "115", "116", "117", "118", "119", 
"120", "121", "122", "123", "124", "125", "126", "127", "128", 
"129", "130", "131", "132", "133", "134", "135", "136", "137", 
"138", "139", "140", "141", "142", "143", "144", "145", "146", 
"147", "148", "149", "150", "151", "152", "153", "154", "155", 
"156", "157", "158", "159", "160", "161", "162", "163", "164", 
"165", "166", "167", "168", "169", "170", "171", "172", "173", 
"174", "175", "176", "177", "178", "179", "180", "181", "182", 
"183", "184", "185", "186", "187", "188", "189", "190", "191", 
"192", "193", "194", "195", "196", "197", "198", "199", "200", 
"201", "202", "203", "204", "205", "206", "207", "208", "209", 
"210", "211", "212", "213", "214", "215", "216", "217", "218", 
"219", "220", "221", "222", "223", "224", "225", "226", "227", 
"228", "229", "230", "231", "232", "233", "234", "235", "236", 
"237", "238", "239", "240", "241", "242", "243", "244", "245", 
"246"))
