"autotab" <-
structure(list(no = c(7287, 11587, 3246, 6134, 10381, 10969, 
6123, 6693), yes = c(996, 759, 973, 757, 812, 380, 1084, 513), 
    gender = structure(c(1, 1, 1, 1, 2, 2, 2, 2), .Label = c("1", 
    "2"), class = "factor"), loc = structure(c(1, 1, 2, 2, 1, 
    1, 2, 2), .Label = c("1", "2"), class = "factor"), belt = structure(c(1, 
    2, 1, 2, 1, 2, 1, 2), .Label = c("1", "2"), class = "factor")), .Names = c("no", 
"yes", "gender", "loc", "belt"), row.names = c("1", "2", "3", 
"4", "5", "6", "7", "8"), class = "data.frame")