"bank" <-
structure(list(Status = c(0, 0, 0, 0, 0, 0, 0, 0, 0, 0, 0, 0, 
0, 0, 0, 0, 0, 0, 0, 0, 0, 0, 0, 0, 0, 0, 0, 0, 0, 0, 0, 0, 0, 
0, 0, 0, 0, 0, 0, 0, 0, 0, 0, 0, 0, 0, 0, 0, 0, 0, 0, 0, 0, 0, 
0, 0, 0, 0, 0, 0, 0, 0, 0, 0, 0, 0, 0, 0, 0, 0, 0, 0, 0, 0, 0, 
0, 0, 0, 0, 0, 0, 0, 0, 0, 0, 0, 0, 0, 0, 0, 0, 0, 0, 0, 0, 0, 
0, 0, 0, 0, 1, 1, 1, 1, 1, 1, 1, 1, 1, 1, 1, 1, 1, 1, 1, 1, 1, 
1, 1, 1, 1, 1, 1, 1, 1, 1, 1, 1, 1, 1, 1, 1, 1, 1, 1, 1, 1, 1, 
1, 1, 1, 1, 1, 1, 1, 1, 1, 1, 1, 1, 1, 1, 1, 1, 1, 1, 1, 1, 1, 
1, 1, 1, 1, 1, 1, 1, 1, 1, 1, 1, 1, 1, 1, 1, 1, 1, 1, 1, 1, 1, 
1, 1, 1, 1, 1, 1, 1, 1, 1, 1, 1, 1, 1, 1, 1, 1, 1, 1, 1, 1), 
    Length = c(214.8, 214.6, 214.8, 214.8, 215, 215.7, 215.5, 
    214.5, 214.9, 215.2, 215.3, 215.1, 215.2, 214.7, 215.1, 214.5, 
    214.6, 215, 215.2, 214.7, 215, 215.6, 215.3, 215.7, 215.1, 
    215.3, 215.5, 215.1, 215.1, 214.8, 215.2, 214.8, 215, 215.6, 
    215.9, 214.6, 215.5, 215.3, 215.3, 213.9, 214.4, 214.8, 214.9, 
    214.9, 214.8, 214.3, 214.8, 214.8, 214.6, 214.5, 214.6, 215.3, 
    214.5, 215.4, 214.5, 215.2, 215.7, 215, 215.1, 215.1, 215.1, 
    215.3, 215.4, 214.5, 215, 215.2, 214.6, 214.8, 215.1, 214.9, 
    213.8, 215.2, 215, 214.4, 215.2, 214.1, 214.9, 214.6, 215.2, 
    214.6, 215.1, 214.9, 215.2, 215.2, 215.4, 215.1, 215.2, 215, 
    214.9, 215, 214.7, 215.4, 214.9, 214.5, 214.7, 215.6, 215, 
    214.4, 215.1, 214.7, 214.4, 214.9, 214.9, 215, 214.7, 215, 
    215.3, 214.8, 215, 215.2, 215.2, 215.1, 215.4, 214.9, 215.1, 
    215.5, 214.7, 214.7, 214.8, 214.4, 214.8, 215.1, 215.3, 215.1, 
    214.7, 214.9, 215, 215.5, 215.1, 214.5, 214.3, 214.5, 214.9, 
    214.6, 214.2, 214.8, 214.6, 214.9, 214.6, 214.5, 214.8, 214.7, 
    214.6, 215, 214.5, 214.9, 215, 215.3, 214.7, 214.9, 214.9, 
    214.6, 214.6, 214.5, 214.5, 215.1, 214.2, 214.4, 214.8, 214.6, 
    215.6, 214.9, 214.6, 214.7, 214.3, 215.1, 216.3, 215.6, 214.8, 
    214.9, 213.9, 214.2, 214.8, 214.8, 214.8, 214.9, 214.3, 214.5, 
    214.8, 214.5, 215, 214.8, 215, 214.6, 214.7, 214.7, 214.5, 
    214.8, 214.8, 214.6, 215.1, 215.4, 214.7, 215, 214.9, 215, 
    215.1, 214.8, 214.7, 214.3), Left = c(131, 129.7, 129.7, 
    129.7, 129.6, 130.8, 129.5, 129.6, 129.4, 130.4, 130.4, 129.5, 
    130.8, 129.7, 129.9, 129.8, 129.9, 129.9, 129.6, 130.2, 129.9, 
    130.5, 130.6, 130.2, 129.7, 130.4, 130.2, 130.3, 130, 129.7, 
    130.1, 129.7, 130, 130.4, 130.4, 130.2, 130.3, 129.9, 130.3, 
    130.3, 129.8, 130.1, 129.6, 130.4, 129.4, 129.5, 129.9, 129.9, 
    129.7, 129, 129.8, 130.6, 130.1, 130.2, 129.4, 129.7, 130, 
    129.6, 130.1, 130, 129.6, 129.7, 129.8, 130, 130, 130.6, 
    129.5, 129.7, 129.6, 130.2, 129.8, 129.9, 129.6, 129.9, 129.9, 
    129.6, 129.9, 129.8, 130.5, 129.9, 129.7, 129.8, 129.7, 130.1, 
    130.7, 129.9, 129.9, 129.6, 130.3, 129.9, 129.7, 130, 129.4, 
    129.5, 129.6, 129.9, 130.4, 129.7, 130, 130, 130.1, 130.5, 
    130.3, 130.4, 130.2, 130.2, 130.3, 130.1, 130.2, 130.6, 130.4, 
    130.5, 130.7, 130.4, 130.3, 130.4, 130.6, 130.4, 130.5, 130.2, 
    130.3, 130.6, 130.8, 130.7, 130.5, 130, 130.4, 130.7, 130.2, 
    130.2, 130.2, 130.2, 130.5, 130.2, 130, 130.1, 129.8, 130.7, 
    130.4, 130.5, 130.2, 130, 130.2, 130.5, 129.8, 130.6, 130.5, 
    130.6, 130.2, 129.9, 130.3, 129.9, 129.7, 130.1, 130.3, 130, 
    129.7, 130.1, 130.4, 130.6, 130.1, 130.5, 130.1, 130.1, 130.3, 
    130.3, 130.7, 130.4, 129.9, 130, 130.7, 130.6, 130.5, 129.6, 
    130.1, 130.4, 130.1, 130.4, 130.5, 130.2, 130.4, 130.6, 130.5, 
    130.5, 130.2, 130.4, 130.4, 130, 129.9, 130.3, 130.2, 130.5, 
    130.3, 130.5, 130.3, 130.4, 130.3, 130.3, 130.7, 129.9), 
    Right = c(131.1, 129.7, 129.7, 129.6, 129.7, 130.5, 129.7, 
    129.2, 129.7, 130.3, 130.3, 129.6, 129.6, 129.7, 129.7, 129.8, 
    130.1, 129.7, 129.6, 129.9, 129.3, 130, 130, 130, 129.9, 
    130.4, 130.1, 130.3, 130, 129.3, 129.8, 129.7, 129.6, 130.1, 
    130, 130.2, 130, 129.4, 130.1, 129, 129.2, 129.6, 129.4, 
    129.7, 129.1, 129.4, 129.7, 129.7, 129.8, 129.6, 129.4, 130, 
    130, 130.2, 129.5, 129.4, 129.4, 129.4, 129.9, 129.8, 129.3, 
    129.4, 129.4, 129.5, 129.8, 130, 129.2, 129.3, 129.8, 130.2, 
    129.5, 129.5, 130.2, 129.6, 129.7, 129.3, 130.1, 129.4, 129.8, 
    129.4, 129.7, 129.6, 129.1, 129.9, 130.2, 129.6, 129.7, 129.2, 
    129.9, 129.7, 129.3, 129.9, 129.5, 129.3, 129.5, 129.9, 130.3, 
    129.5, 129.8, 129.4, 130.3, 130.2, 130.1, 130.6, 130.3, 130.2, 
    130.1, 130.4, 129.9, 130.8, 130.3, 130.3, 131.1, 129.9, 130, 
    130, 130.1, 130.1, 130.2, 129.9, 130.4, 130.3, 131.1, 130.4, 
    130.5, 130.3, 130.4, 130.3, 130.2, 130.6, 130, 129.8, 130.2, 
    130.4, 130.2, 130.1, 130.2, 130.3, 130.4, 130.2, 130.3, 129.4, 
    130.4, 130.4, 129.8, 130.4, 130.4, 130.3, 130.1, 130, 129.9, 
    129.7, 129.3, 130.1, 130, 130.3, 129.6, 130, 130.6, 130.1, 
    129.7, 130.1, 130, 130.2, 130, 130.6, 130.4, 130.1, 129.8, 
    129.9, 130.5, 130.4, 130.3, 130, 130, 130.2, 130.1, 130, 
    130.3, 130.4, 130.1, 130.6, 130.1, 130.4, 130.1, 130, 130, 
    129.7, 130.2, 130.2, 129.8, 130.6, 130.2, 130.3, 130.5, 130.3, 
    129.9, 130.4, 130.8, 129.9), Bottom = c(9, 8.1, 8.7, 7.5, 
    10.4, 9, 7.9, 7.2, 8.2, 9.2, 7.9, 7.7, 7.9, 7.7, 7.7, 9.3, 
    8.2, 9, 7.4, 8.6, 8.4, 8.1, 8.4, 8.7, 7.4, 8, 8.9, 9.8, 7.4, 
    8.3, 7.9, 8.6, 7.7, 8.4, 8.9, 9.4, 8.4, 7.9, 8.5, 8.1, 8.9, 
    8.8, 9.3, 9, 8.2, 8.3, 8.3, 7.3, 7.9, 7.8, 7.2, 9.5, 7.8, 
    7.6, 7.9, 9.2, 9.2, 8.8, 7.9, 8.2, 8.3, 7.5, 8, 8, 8.6, 8.8, 
    7.7, 9.1, 8.6, 8, 8.4, 8.2, 8.7, 7.5, 7.2, 7.6, 8.8, 7.4, 
    7.9, 7.9, 8.6, 7.5, 9, 7.9, 9, 8.9, 8.7, 8.4, 7.4, 8, 8.6, 
    8.5, 8.2, 7.4, 8.3, 9, 9.1, 8, 9.1, 7.8, 9.7, 11, 8.7, 9.9, 
    11.8, 10.6, 9.3, 9.8, 10, 10.4, 8, 10.6, 9.7, 11.4, 10.6, 
    8.2, 11.8, 12.1, 11, 10.1, 10.1, 12.3, 11.6, 10.5, 9.9, 10.2, 
    9.4, 10.2, 10.1, 9.8, 10.7, 12.3, 10.6, 10.5, 11, 11.9, 10.7, 
    9.3, 11.3, 11.8, 10, 10.2, 11.2, 10.6, 11.4, 11.9, 11.4, 
    9.3, 10.7, 9.9, 11.9, 11.9, 10.4, 12.1, 11, 11.6, 10.3, 11.3, 
    12.5, 8.1, 7.4, 9.9, 11.5, 11.6, 11.4, 10.3, 10, 9.6, 9.6, 
    11.4, 8.7, 12, 11.8, 10.4, 11.4, 11.9, 11.6, 9.9, 10.2, 8.2, 
    11.4, 8, 11, 10.1, 10.7, 11.5, 8, 11.4, 9.6, 12.7, 10.2, 
    8.8, 10.8, 9.6, 11.6, 9.9, 10.3, 10.6, 11.2, 10.2), Top = c(9.7, 
    9.5, 9.6, 10.4, 7.7, 10.1, 9.6, 10.7, 11, 10, 11.7, 10.5, 
    10.8, 10.9, 10.8, 8.5, 9.8, 9, 11.5, 10, 10, 10.3, 10.8, 
    10, 10.8, 11, 9.8, 9.5, 10.5, 9, 10.7, 9.1, 10.5, 10.3, 10.6, 
    9.7, 9.7, 10, 9.3, 9.7, 9.4, 9.9, 9, 9.8, 10.2, 10.2, 10.2, 
    10.9, 10.3, 9.8, 10, 9.7, 10.9, 10.9, 10, 9.4, 10.4, 9, 11, 
    10.3, 9.9, 10.5, 10.6, 10.8, 10.6, 10.6, 10.3, 9.5, 9.8, 
    11.2, 11.1, 10.3, 10, 10.5, 10.6, 10.7, 10, 10.6, 10.9, 10, 
    10.3, 10.3, 9.7, 10.8, 11.1, 10.2, 9.5, 10.2, 11.2, 10.5, 
    9.6, 9.7, 9.9, 10.7, 10, 9.5, 10.2, 10.3, 10.2, 10, 11.7, 
    11.5, 11.7, 10.9, 10.9, 10.7, 12.1, 11.5, 11.9, 11.2, 11.5, 
    11.5, 11.8, 11, 10.8, 11.2, 10.5, 10.4, 11, 12, 12.1, 10.2, 
    10.6, 11.2, 10.3, 11.4, 11.6, 11.8, 11.3, 12.1, 10.5, 11.2, 
    11.5, 11.8, 11.2, 11.1, 11.1, 11.2, 10.8, 10.2, 11.9, 11, 
    10.7, 11.1, 10, 10.5, 10.7, 11.3, 11, 12.3, 10.6, 10.1, 11, 
    10.3, 11.5, 10.5, 11.4, 10.7, 10, 12.1, 12.2, 10.2, 10.6, 
    10.9, 10.5, 12, 10.1, 11.2, 12, 10.9, 11.5, 10.2, 10.5, 11.6, 
    10.5, 10.7, 10.5, 12, 12.1, 11.8, 10.7, 11.4, 11.4, 11.4, 
    11.1, 10.7, 12.2, 10.6, 11.9, 9.1, 12, 11, 11.1, 11, 10.6, 
    12.1, 11.5, 11.1, 11.2, 11.5),