"beer" <-
structure(list(b = c(109, 0, 0, 108, 220, 189, 64, 262, 64, 35, 
94, 71, 403, 41, 10, 110, 239, 63, 0, 106, 0, 141, 299, 148, 
424, 242, 119, 338, 135, 590, 324, 87, 395, 513, 56, 400, 384, 
262, 336, 281), sesso = c(1, 1, 1, 1, 1, 1, 1, 1, 1, 1, 1, 1, 
1, 1, 1, 1, 1, 1, 1, 1, 1, 2, 2, 2, 2, 2, 2, 2, 2, 2, 2, 2, 2, 
2, 2, 2, 2, 2, 2, 2), e = c(1, 1, 1, 1, 2, 2, 2, 2, 2, 2, 2, 
3, 3, 3, 3, 3, 3, 3, 3, 4, 4, 1, 1, 1, 2, 2, 2, 2, 2, 2, 2, 2, 
3, 3, 3, 3, 3, 3, 3, 4), y = c(15, 30, 12, 20, 15, 30, 12, 12, 
28, 22, 44, 10, 222, 32, 45, 55, 29, 39, 70, 55, 90, 6, 18, 55, 
10, 23, 35, 38, 45, 85, 22, 25, 29, 132, 35, 80, 55, 30, 27, 
80), eta = c(25, 45, 20, 28, 25, 35, 40, 22, 30, 21, 40, 21, 
45, 36, 36, 40, 23, 32, 52, 30, 45, 32, 20, 55, 18, 30, 45, 40, 
50, 32, 30, 51, 22, 40, 30, 36, 27, 24, 21, 45)), .Names = c("b", 
"sesso", "e", "y", "eta"), class = "data.frame", row.names = c("1", 
"2", "3", "4", "5", "6", "7", "8", "9", "10", "11", "12", "13", 
"14", "15", "16", "17", "18", "19", "20", "21", "22", "23", "24", 
"25", "26", "27", "28", "29", "30", "31", "32", "33", "34", "35", 
"36", "37", "38", "39", "40"))
