"birth" <-
structure(list(Age = c(40, 38, 40, 35, 36, 37, 41, 40, 37, 38, 
40, 38, 40, 36, 40, 38, 42, 39, 40, 37, 36, 38, 39, 40), Wei = c(2968, 
2795, 3163, 2925, 2625, 2847, 3292, 3473, 2628, 3176, 3421, 2975, 
3317, 2729, 2935, 2754, 3210, 2817, 3126, 2539, 2412, 2991, 2875, 
3231), Sex = structure(c(2, 2, 2, 2, 2, 2, 2, 2, 2, 2, 2, 2, 
1, 1, 1, 1, 1, 1, 1, 1, 1, 1, 1, 1), .Label = c("f", "m"), class = "factor")), .Names = c("Age", 
"Wei", "Sex"), class = "data.frame", row.names = c("1", "2", 
"3", "4", "5", "6", "7", "8", "9", "10", "11", "12", "13", "14", 
"15", "16", "17", "18", "19", "20", "21", "22", "23", "24"))
