"blood" <-
structure(list(SYS = c(115, 120, 120, 110, 110, 105, 150, 110, 
110, 115, 100, 100, 110, 120, 110, 110, 110, 120, 140, 110, 110, 
90, 115, 140, 110, 115, 100, 125, 140, 120, 110, 120, 130, 105, 
110, 110, 110, 130, 100, 120, 115, 100, 150, 100), DIA = c(80, 
80, 80, 70, 70, 60, 95, 75, 60, 70, 80, 60, 80, 80, 60, 60, 60, 
70, 80, 80, 70, 60, 80, 80, 70, 70, 70, 80, 90, 75, 70, 80, 70, 
65, 70, 80, 70, 80, 60, 80, 80, 60, 100, 70), AGE = c(35, 31, 
22, 23, 18, 28, 51, 25, 22, 19, 32, 26, 26, 25, 22, 21, 22, 36, 
57, 43, 17, 22, 30, 25, 20, 26, 24, 29, 44, 22, 28, 39, 25, 25, 
23, 34, 36, 23, 27, 51, 23, 49, 55, 18), Hei = c(163, 162, 170, 
164, 179, 167, 163, 164, 170, 183, 165, 160, 170, 170, 167, 174, 
167, 168, 161, 165, 157, 163, 160, 165, 170, 168, 170, 165, 163, 
168, 170, 158, 174, 174, 168, 170, 164, 165, 169, 172, 176, 173, 
180, 173), WEI = c(58, 58, 59, 50, 58, 62, 67, 54, 54, 60, 63, 
57, 58, 67, 55, 69, 53, 75, 70, 75, 41, 63, 55, 57, 65, 55, 69, 
72, 75, 58, 58, 52, 65, 65, 55, 93, 60, 59, 70, 85, 65, 75, 90, 
82)), .Names = c("SYS", "DIA", "AGE", "HEI", "WEI"), class = "data.frame", row.names = c("1", 
"2", "3", "4", "5", "6", "7", "8", "9", "10", "11", "12", "13", 
"14", "15", "16", "17", "18", "19", "20", "21", "22", "23", "24", 
"25", "26", "27", "28", "29", "30", "31", "32", "33", "34", "35", 
"36", "37", "38", "39", "40", "41", "42", "43", "44"))
