"bumpus" <-
structure(list(line = c(1, 1, 2, 2, 3, 3, 4, 4, 5, 5, 6, 6, 7, 
7, 8, 8, 9, 9, 10, 10, 11, 11, 12, 12, 13, 13, 14, 14, 15, 15, 
16, 16, 17, 17, 18, 18, 19, 19, 20, 20, 21, 21, 22, 22, 23, 23, 
24, 24, 25, 25, 26, 26, 27, 27, 28, 28, 29, 29, 30, 30, 31, 31, 
32, 32, 33, 33, 34, 34, 35, 35, 36, 36, 37, 37, 38, 38, 39, 39, 
40, 40, 41, 41, 42, 42, 43, 43, 44, 44, 45, 45, 46, 46, 47, 47, 
48, 48, 49, 49, 50, 50, 51, 51, 52, 52, 53, 53, 54, 54, 55, 55, 
56, 56, 57, 57, 58, 58, 59, 59, 60, 60, 61, 61, 62, 62, 63, 63, 
64, 64, 65, 66, 67, 68, 69, 70, 71, 72), sex = structure(c(2, 
2, 2, 2, 2, 2, 2, 2, 2, 2, 2, 2, 2, 2, 2, 2, 2, 2, 2, 2, 2, 2, 
2, 2, 2, 2, 2, 2, 2, 2, 2, 2, 2, 2, 2, 2, 2, 2, 2, 2, 2, 2, 2, 
2, 2, 2, 2, 2, 2, 2, 2, 2, 2, 2, 2, 2, 2, 2, 2, 2, 2, 2, 2, 2, 
2, 2, 2, 2, 2, 2, 2, 2, 1, 2, 1, 2, 1, 2, 1, 2, 1, 2, 1, 2, 1, 
2, 1, 2, 1, 2, 1, 2, 1, 2, 1, 2, 1, 2, 1, 2, 1, 2, 1, 1, 1, 1, 
1, 1, 1, 1, 1, 1, 1, 1, 1, 1, 1, 1, 1, 1, 1, 1, 1, 1, 1, 1, 1, 
1, 1, 1, 1, 1, 1, 1, 1, 1), .Label = c("f", "m"), class = "factor"), 
    age = structure(c(1, 1, 1, 1, 1, 1, 1, 1, 1, 1, 1, 1, 1, 
    1, 1, 1, 1, 1, 1, 1, 1, 1, 1, 1, 1, 1, 1, 1, 1, 1, 1, 1, 
    1, 1, 1, 1, 1, 1, 1, 1, 1, 1, 1, 1, 1, 1, 1, 1, 1, 2, 1, 
    2, 1, 2, 1, 2, 1, 2, 1, 2, 1, 2, 1, 2, 1, 2, 1, 2, 1, 2, 
    2, 2, NA, 2, NA, 2, NA, 2, NA, 2, NA, 2, NA, 2, NA, 2, NA, 
    2, NA, 2, NA, 2, NA, 2, NA, 2, NA, 2, NA, 2, NA, 2, NA, NA, 
    NA, NA, NA, NA, NA, NA, NA, NA, NA, NA, NA, NA, NA, NA, NA, 
    NA, NA, NA, NA, NA, NA, NA, NA, NA, NA, NA, NA, NA, NA, NA, 
    NA, NA), .Label = c("a", "y"), class = "factor"), surv = c(TRUE, 
    FALSE, FALSE, TRUE, TRUE, FALSE, TRUE, FALSE, TRUE, FALSE, 
    TRUE, FALSE, TRUE, FALSE, TRUE, FALSE, TRUE, FALSE, TRUE, 
    FALSE, FALSE, TRUE, FALSE, TRUE, TRUE, FALSE, TRUE, FALSE, 
    TRUE, FALSE, TRUE, FALSE, TRUE, FALSE, FALSE, TRUE, FALSE, 
    TRUE, TRUE, FALSE, FALSE, TRUE, TRUE, FALSE, TRUE, FALSE, 
    TRUE, FALSE, TRUE, FALSE, TRUE, FALSE, TRUE, FALSE, TRUE, 
    FALSE, TRUE, FALSE, TRUE, FALSE, TRUE, FALSE, TRUE, FALSE, 
    TRUE, FALSE, TRUE, FALSE, TRUE, FALSE, TRUE, FALSE, FALSE, 
    TRUE, FALSE, TRUE, FALSE, TRUE, FALSE, TRUE, FALSE, TRUE, 
    FALSE, TRUE, FALSE, TRUE, FALSE, TRUE, FALSE, TRUE, FALSE, 
    TRUE, FALSE, TRUE, FALSE, TRUE, FALSE, TRUE, FALSE, TRUE, 
    FALSE, TRUE, FALSE, TRUE, TRUE, FALSE, TRUE, FALSE, TRUE, 
    FALSE, TRUE, FALSE, FALSE, TRUE, TRUE, FALSE, TRUE, FALSE, 
    FALSE, TRUE, TRUE, FALSE, FALSE, TRUE, TRUE, FALSE, TRUE, 
    FALSE, TRUE, TRUE, TRUE, TRUE, TRUE, TRUE, TRUE, TRUE), tlength = c(154, 
    165, 160, 160, 155, 161, 154, 162, 156, 163, 161, 162, 157, 
    163, 159, 161, 158, 160, 158, 162, 160, 160, 161, 162, 161, 
    162, 160, 165, 159, 161, 158, 161, 159, 162, 164, 166, 158, 
    159, 160, 162, 156, 161, 163, 166, 156, 165, 165, 166, 160, 
    160, 158, 156, 160, 158, 157, 166, 159, 165, 160, 157, 158, 
    164, 161, 166, 160, 167, 160, 161, 153, 166, 156, 161, 155, 
    156, 156, 163, 160, 163, 152, 160, 160, 145, 155, 162, 157, 
    163, 165, 164, 153, 163, 162, 160, 162, 160, 159, 158, 159, 
    158, 155, 158, 162, 155, 152, 156, 154, 159, 153, 155, 153, 
    163, 155, 163, 156, 163, 157, 159, 155, 161, 155, 164, 158, 
    162, 153, 158, 160, 162, 161, 164, 157, 157, 156, 158, 153, 
    155, 163, 159), wing = c(241, 240, 245, 252, 243, 249, 245, 
    246, 247, 250, 253, 247, 251, 246, 247, 246, 247, 242, 252, 
    246, 249, 252, 250, 253, 243, 248, 250, 252, 247, 243, 253, 
    244, 247, 248, 244, 253, 247, 247, 248, 253, 239, 252, 251, 
    251, 242, 253, 251, 250, 247, 249, 244, 236, 242, 240, 245, 
    245, 244, 255, 253, 238, 245, 250, 247, 256, 247, 255, 247, 
    246, 241, 254, 246, 251, 240, 245, 240, 248, 242, 248, 232, 
    250, 250, 237, 237, 253, 245, 254, 245, 251, 231, 244, 239, 
    247, 243, 250, 245, 247, 247, 249, 243, 243, 252, 237, 230, 
    245, 240, 242, 240, 238, 236, 249, 243, 242, 237, 247, 238, 
    238, 239, 245, 235, 248, 238, 247, 237, 240, 244, 245, 246, 
    248, 245, 235, 237, 244, 238, 236, 246, 236), wei = c(24.5, 
    26.5, 26.1, 26.9, 26.9, 25.6, 24.3, 25.9, 24.1, 25.5, 26.5, 
    27.6, 24.6, 25.8, 24.2, 24.9, 23.6, 26, 26.2, 26.5, 26, 26.2, 
    27.1, 24.8, 25.4, 25.1, 23.7, 26, 25.7, 25.6, 25.7, 25, 26.5, 
    24.6, 25, 26.7, 26, 23.9, 24.7, 28.3, 24.6, 28, 27.9, 27.5, 
    25.9, 31, 25.7, 28.3, 26.6, 24.2, 23.2, 26.8, 25.7, 23.5, 
    26.3, 26.9, 24.3, 28.6, 26.7, 24.7, 24.9, 27.3, 23.8, 25.7, 
    25.6, 29, 27, 25, 24.7, 27.5, 24.6, 26, 26.3, 25.5, 25.8, 
    24.8, 26, 26.3, 23.2, 24.4, 26.5, 23.3, 24.2, 26.7, 26.9, 
    26.4, 27.7, 26.9, 23.9, 24.3, 26.1, 27, 24.6, 26.8, 23.6, 
    24.9, 26, 26.1, 25, 26.6, 24.8, 23.3, 22.8, 25.3, 22.6, 24.8, 
    25.1, 24.6, 23.2, 30.5, 24.4, 24.8, 23.9, 25.1, 24.6, 24.7, 
    24, 26.9, 22.6, 24.2, 24.9, 26.1, 24.8, 24.1, 24, 26.2, 26, 
    26.1, 24.9, 25.5, 23.4, 25.9, 24.2, 24.2, 27.4, 24), head = c(31.2, 
    31, 32, 30.8, 30.6, 32.3, 31.7, 32.3, 31.5, 32.5, 31.8, 31.8, 
    31.1, 31.4, 31.4, 30.5, 29.8, 31, 32, 31.5, 31.4, 32, 31.6, 
    32.3, 31.8, 31.9, 29.8, 32.3, 31.4, 32.5, 31.9, 31.3, 31.6, 
    31, 31.2, 32.5, 32, 31.4, 31.3, 31.8, 30.5, 31.8, 31.9, 31.5, 
    32, 32.4, 32.2, 32.4, 32.4, 30.4, 31.6, 30.2, 31.6, 31, 32.2, 
    31.7, 31.5, 31.5, 32.1, 31.2, 31.4, 31.8, 31.4, 31.7, 32.3, 
    32.2, 32, 31.5, 32.2, 31.4, 32, 31.5, 31.4, 32.1, 31.5, 32.2, 
    32.6, 33, 30.3, 31.5, 31.7, 30.6, 31, 32, 32.2, 32, 33.1, 
    32, 30.1, 31.3, 30.3, 31.5, 31.6, 32.5, 31.8, 32.4, 30.9, 
    32.2, 30.9, 32.4, 31.9, 30.2, 30.4, 31.6, 30.4, 30.8, 31, 
    31.2, 30.9, 33.4, 31.5, 31, 31.7, 32, 30.9, 31.5, 32.8, 32.1, 
    30.7, 32.7, 31, 31.9, 30.6, 31.3, 31.1, 32.5, 32.3, 32.3, 
    32, 31.5, 30.9, 31.4, 30.5, 30.3, 32.5, 31.5), humerus = c(0.687, 
    0.738, 0.736, 0.736, 0.733, 0.743, 0.741, 0.738, 0.715, 0.752, 
    0.78, 0.731, 0.741, 0.689, 0.728, 0.739, 0.703, 0.745, 0.749, 
    0.72, 0.726, 0.741, 0.737, 0.766, 0.721, 0.744, 0.73, 0.726, 
    0.729, 0.709, 0.743, 0.702, 0.733, 0.713, 0.703, 0.767, 0.729, 
    0.752, 0.752, 0.752, 0.659, 0.77, 0.769, 0.72, 0.723, 0.765, 
    0.751, 0.754, 0.728, 0.74, 0.73, 0.69, 0.709, 0.715, 0.741, 
    0.715, 0.723, 0.706, 0.739, 0.68, 0.726, 0.764, 0.735, 0.752, 
    0.756, 0.765, 0.755, 0.739, 0.728, 0.76, 0.741, 0.731, 0.709, 
    0.761, 0.715, 0.742, 0.74, 0.736, 0.676, 0.746, 0.741, 0.692, 
    0.727, 0.759, 0.766, 0.766, 0.78, 0.755, 0.68, 0.718, 0.709, 
    0.764, 0.741, 0.764, 0.727, 0.745, 0.711, 0.742, 0.73, 0.747, 
    0.752, 0.685, 0.682, 0.729, 0.705, 0.717, 0.724, 0.706, 0.698, 
    0.767, 0.734, 0.713, 0.718, 0.748, 0.726, 0.726, 0.732, 0.751, 
    0.695, 0.752, 0.741, 0.751, 0.732, 0.733, 0.731, 0.728, 0.758, 
    0.739, 0.752, 0.712, 0.708, 0.729, 0.715, 0.727, 0.732, 0.709
    ), femur = c(0.668, 0.704, 0.709, 0.709, 0.704, 0.718, 0.688, 
    0.709, 0.706, 0.731, 0.743, 0.719, 0.736, 0.662, 0.718, 0.726, 
    0.673, 0.713, 0.739, 0.696, 0.689, 0.723, 0.711, 0.752, 0.722, 
    0.722, 0.703, 0.71, 0.717, 0.707, 0.699, 0.685, 0.714, 0.709, 
    0.69, 0.765, 0.71, 0.723, 0.737, 0.718, 0.658, 0.731, 0.745, 
    0.691, 0.711, 0.75, 0.742, 0.718, 0.707, 0.717, 0.713, 0.671, 
    0.705, 0.702, 0.726, 0.695, 0.698, 0.744, 0.714, 0.677, 0.703, 
    0.726, 0.694, 0.751, 0.745, 0.745, 0.736, 0.707, 0.68, 0.742, 
    0.735, 0.707, 0.71, 0.717, 0.678, 0.733, 0.732, 0.704, 0.683, 
    0.715, 0.731, 0.664, 0.723, 0.734, 0.751, 0.75, 0.757, 0.742, 
    0.662, 0.68, 0.685, 0.732, 0.729, 0.729, 0.7, 0.724, 0.666, 
    0.736, 0.711, 0.711, 0.738, 0.653, 0.664, 0.71, 0.686, 0.667, 
    0.713, 0.702, 0.678, 0.767, 0.736, 0.713, 0.716, 0.734, 0.727, 
    0.701, 0.742, 0.704, 0.692, 0.752, 0.69, 0.735, 0.718, 0.706, 
    0.73, 0.731, 0.732, 0.707, 0.74, 0.704, 0.691, 0.705, 0.707, 
    0.705, 0.711, 0.713),