"bwt" <-
structure(list(low = structure(c(1, 1, 1, 1, 1, 1, 1, 1, 1, 1, 
1, 1, 1, 1, 1, 1, 1, 1, 1, 1, 1, 1, 1, 1, 1, 1, 1, 1, 1, 1, 1, 
1, 1, 1, 1, 1, 1, 1, 1, 1, 1, 1, 1, 1, 1, 1, 1, 1, 1, 1, 1, 1, 
1, 1, 1, 1, 1, 1, 1, 1, 1, 1, 1, 1, 1, 1, 1, 1, 1, 1, 1, 1, 1, 
1, 1, 1, 1, 1, 1, 1, 1, 1, 1, 1, 1, 1, 1, 1, 1, 1, 1, 1, 1, 1, 
1, 1, 1, 1, 1, 1, 1, 1, 1, 1, 1, 1, 1, 1, 1, 1, 1, 1, 1, 1, 1, 
1, 1, 1, 1, 1, 1, 1, 1, 1, 1, 1, 1, 1, 1, 1, 2, 2, 2, 2, 2, 2, 
2, 2, 2, 2, 2, 2, 2, 2, 2, 2, 2, 2, 2, 2, 2, 2, 2, 2, 2, 2, 2, 
2, 2, 2, 2, 2, 2, 2, 2, 2, 2, 2, 2, 2, 2, 2, 2, 2, 2, 2, 2, 2, 
2, 2, 2, 2, 2, 2, 2, 2, 2, 2, 2), .Label = c("0", "1"), class = "factor"), 
    age = c(19, 33, 20, 21, 18, 21, 22, 17, 29, 26, 19, 19, 22, 
    30, 18, 18, 15, 25, 20, 28, 32, 31, 36, 28, 25, 28, 17, 29, 
    26, 17, 17, 24, 35, 25, 25, 29, 19, 27, 31, 33, 21, 19, 23, 
    21, 18, 18, 32, 19, 24, 22, 22, 23, 22, 30, 19, 16, 21, 30, 
    20, 17, 17, 23, 24, 28, 26, 20, 24, 28, 20, 22, 22, 31, 23, 
    16, 16, 18, 25, 32, 20, 23, 22, 32, 30, 20, 23, 17, 19, 23, 
    36, 22, 24, 21, 19, 25, 16, 29, 29, 19, 19, 30, 24, 19, 24, 
    23, 20, 25, 30, 22, 18, 16, 32, 18, 29, 33, 20, 28, 14, 28, 
    25, 16, 20, 26, 21, 22, 25, 31, 35, 19, 24, 45, 28, 29, 34, 
    25, 25, 27, 23, 24, 24, 21, 32, 19, 25, 16, 25, 20, 21, 24, 
    21, 20, 25, 19, 19, 26, 24, 17, 20, 22, 27, 20, 17, 25, 20, 
    18, 18, 20, 21, 26, 31, 15, 23, 20, 24, 15, 23, 30, 22, 17, 
    23, 17, 26, 20, 26, 14, 28, 14, 23, 17, 21), lwt = c(182, 
    155, 105, 108, 107, 124, 118, 103, 123, 113, 95, 150, 95, 
    107, 100, 100, 98, 118, 120, 120, 121, 100, 202, 120, 120, 
    167, 122, 150, 168, 113, 113, 90, 121, 155, 125, 140, 138, 
    124, 215, 109, 185, 189, 130, 160, 90, 90, 132, 132, 115, 
    85, 120, 128, 130, 95, 115, 110, 110, 153, 103, 119, 119, 
    119, 110, 140, 133, 169, 115, 250, 141, 158, 112, 150, 115, 
    112, 135, 229, 140, 134, 121, 190, 131, 170, 110, 127, 123, 
    120, 105, 130, 175, 125, 133, 134, 235, 95, 135, 135, 154, 
    147, 147, 137, 110, 184, 110, 110, 120, 241, 112, 169, 120, 
    170, 186, 120, 130, 117, 170, 134, 135, 130, 120, 95, 158, 
    160, 115, 129, 130, 120, 170, 120, 116, 123, 120, 130, 187, 
    105, 85, 150, 97, 128, 132, 165, 105, 91, 115, 130, 92, 150, 
    200, 155, 103, 125, 89, 102, 112, 117, 138, 130, 120, 130, 
    130, 80, 110, 105, 109, 148, 110, 121, 100, 96, 102, 110, 
    187, 122, 105, 115, 120, 142, 130, 120, 110, 120, 154, 105, 
    190, 101, 95, 100, 94, 142, 130), race = structure(c(2, 3, 
    1, 1, 1, 3, 1, 3, 1, 1, 3, 3, 3, 3, 1, 1, 2, 1, 3, 1, 3, 
    1, 1, 3, 3, 1, 1, 1, 2, 2, 2, 1, 2, 1, 2, 1, 1, 1, 1, 1, 
    2, 1, 2, 1, 1, 1, 1, 3, 1, 3, 1, 3, 1, 1, 3, 3, 3, 3, 3, 
    3, 3, 3, 3, 1, 3, 3, 3, 3, 1, 2, 1, 3, 3, 2, 1, 2, 1, 1, 
    2, 1, 1, 1, 3, 3, 3, 3, 3, 1, 1, 1, 1, 3, 1, 1, 1, 1, 1, 
    1, 1, 1, 1, 1, 3, 1, 3, 2, 1, 1, 1, 2, 1, 3, 1, 1, 1, 3, 
    1, 3, 1, 3, 1, 3, 1, 1, 1, 1, 1, 1, 1, 1, 3, 1, 2, 3, 3, 
    3, 3, 2, 3, 1, 1, 1, 3, 3, 1, 1, 2, 1, 3, 3, 3, 1, 1, 1, 
    1, 3, 2, 1, 2, 3, 1, 3, 3, 3, 2, 1, 3, 3, 1, 1, 2, 2, 2, 
    3, 3, 1, 1, 1, 1, 2, 3, 3, 1, 3, 1, 3, 3, 2, 1), .Label = c("white", 
    "black", "other"), class = "factor"), smoke = c(FALSE, FALSE, 
    TRUE, TRUE, TRUE, FALSE, FALSE, FALSE, TRUE, TRUE, FALSE, 
    FALSE, FALSE, FALSE, TRUE, TRUE, FALSE, TRUE, FALSE, TRUE, 
    FALSE, FALSE, FALSE, FALSE, FALSE, FALSE, TRUE, FALSE, TRUE, 
    FALSE, FALSE, TRUE, TRUE, FALSE, FALSE, TRUE, TRUE, TRUE, 
    TRUE, TRUE, TRUE, FALSE, FALSE, FALSE, TRUE, TRUE, FALSE, 
    FALSE, FALSE, TRUE, FALSE, FALSE, TRUE, TRUE, FALSE, FALSE, 
    TRUE, FALSE, FALSE, FALSE, FALSE, FALSE, FALSE, FALSE, TRUE, 
    FALSE, FALSE, TRUE, FALSE, FALSE, TRUE, TRUE, TRUE, FALSE, 
    TRUE, FALSE, FALSE, TRUE, TRUE, FALSE, FALSE, FALSE, FALSE, 
    FALSE, FALSE, TRUE, FALSE, FALSE, FALSE, FALSE, FALSE, FALSE, 
    TRUE, TRUE, TRUE, FALSE, FALSE, TRUE, TRUE, FALSE, FALSE, 
    TRUE, FALSE, FALSE, FALSE, FALSE, FALSE, FALSE, TRUE, FALSE, 
    FALSE, FALSE, TRUE, FALSE, TRUE, FALSE, FALSE, FALSE, FALSE, 
    FALSE, FALSE, FALSE, FALSE, FALSE, FALSE, FALSE, FALSE, TRUE, 
    FALSE, FALSE, TRUE, FALSE, TRUE, FALSE, FALSE, FALSE, FALSE, 
    FALSE, FALSE, TRUE, TRUE, TRUE, FALSE, FALSE, TRUE, TRUE, 
    FALSE, TRUE, FALSE, FALSE, FALSE, FALSE, TRUE, TRUE, FALSE, 
    TRUE, TRUE, TRUE, FALSE, TRUE, TRUE, FALSE, FALSE, FALSE, 
    TRUE, TRUE, FALSE, FALSE, TRUE, FALSE, TRUE, TRUE, TRUE, 
    FALSE, FALSE, TRUE, TRUE, TRUE, TRUE, FALSE, FALSE, FALSE, 
    TRUE, TRUE, TRUE, FALSE, TRUE, FALSE, TRUE), ptd = structure(c(1, 
    1, 1, 1, 1, 1, 1, 1, 1, 1, 1, 1, 1, 2, 1, 1, 1, 1, 1, 1, 
    1, 1, 1, 1, 1, 1, 1, 1, 1, 1, 1, 2, 2, 1, 1, 1, 1, 1, 1, 
    1, 1, 1, 1, 1, 1, 1, 1, 1, 1, 1, 1, 1, 1, 1, 1, 1, 1, 1, 
    1, 1, 1, 1, 1, 1, 2, 2, 1, 1, 2, 2, 2, 1, 1, 1, 1, 1, 1, 
    2, 1, 1, 1, 1, 1, 1, 1, 1, 1, 1, 1, 1, 1, 1, 1, 2, 1, 1, 
    1, 1, 1, 1, 1, 1, 2, 1, 1, 1, 1, 1, 1, 1, 1, 1, 1, 1, 1, 
    1, 1, 1, 1, 1, 1, 1, 1, 1, 1, 1, 2, 1, 1, 1, 2, 1, 1, 2, 
    1, 1, 1, 2, 1, 1, 1, 2, 1, 1, 1, 1, 1, 2, 1, 1, 2, 1, 1, 
    2, 1, 2, 1, 2, 1, 1, 1, 2, 1, 1, 2, 2, 2, 1, 2, 1, 1, 1, 
    1, 1, 1, 2, 1, 1, 2, 1, 2, 1, 1, 2, 1, 1, 1, 1, 1), .Label = c("FALSE", 
    "TRUE"), class = "factor"), ht = c(FALSE, FALSE, FALSE, FALSE, 
    FALSE, FALSE, FALSE, FALSE, FALSE, FALSE, FALSE, FALSE, TRUE, 
    FALSE, FALSE, FALSE, FALSE, FALSE, FALSE, FALSE, FALSE, FALSE, 
    FALSE, FALSE, FALSE, FALSE, FALSE, FALSE, FALSE, FALSE, FALSE, 
    FALSE, FALSE, FALSE, FALSE, FALSE, FALSE, FALSE, FALSE, FALSE, 
    FALSE, FALSE, FALSE, FALSE, FALSE, FALSE, FALSE, FALSE, FALSE, 
    FALSE, TRUE, FALSE, FALSE, FALSE, FALSE, FALSE, FALSE, FALSE, 
    FALSE, FALSE, FALSE, FALSE, FALSE, FALSE, FALSE, FALSE, FALSE, 
    FALSE, FALSE, FALSE, FALSE, FALSE, FALSE, FALSE, FALSE, FALSE, 
    FALSE, FALSE, FALSE, FALSE, FALSE, FALSE, FALSE, FALSE, FALSE, 
    FALSE, FALSE, FALSE, FALSE, FALSE, FALSE, FALSE, TRUE, FALSE, 
    FALSE, FALSE, FALSE, FALSE, FALSE, FALSE, FALSE, TRUE, FALSE, 
    FALSE, FALSE, TRUE, FALSE, FALSE, FALSE, FALSE, FALSE, FALSE, 
    FALSE, FALSE, FALSE, FALSE, FALSE, FALSE, FALSE, FALSE, FALSE, 
    FALSE, FALSE, FALSE, FALSE, FALSE, FALSE, FALSE, FALSE, FALSE, 
    FALSE, FALSE, TRUE, TRUE, FALSE, FALSE, FALSE, FALSE, TRUE, 
    TRUE, FALSE, FALSE, FALSE, FALSE, FALSE, FALSE, FALSE, FALSE, 
    FALSE, FALSE, FALSE, FALSE, FALSE, FALSE, FALSE, FALSE, FALSE, 
    FALSE, FALSE, FALSE, FALSE, FALSE, FALSE, FALSE, FALSE, FALSE, 
    FALSE, FALSE, FALSE, FALSE, FALSE, FALSE, FALSE, FALSE, FALSE, 
    FALSE, FALSE, FALSE, FALSE, FALSE, TRUE, FALSE, FALSE, FALSE, 
    FALSE, FALSE, FALSE, TRUE, TRUE),