"cards" <-
structure(list(income = c(24, 27, 28, 29, 30, 31, 32, 33, 34, 
35, 38, 39, 40, 41, 42, 45, 48, 49, 50, 52, 59, 60, 65, 68, 70, 
79, 80, 84, 94, 120, 130), m = c(1, 1, 5, 3, 9, 5, 8, 1, 7, 1, 
3, 2, 5, 2, 2, 1, 1, 1, 10, 1, 1, 5, 6, 3, 5, 1, 1, 1, 1, 6, 
1), cc = c(0, 0, 2, 0, 1, 1, 0, 0, 1, 1, 1, 0, 0, 0, 0, 1, 0, 
0, 2, 0, 0, 2, 6, 3, 3, 0, 0, 0, 0, 6, 1)), .Names = c("income", 
"m", "cc"), row.names = c("1", "2", "3", "4", "5", "6", "7", 
"8", "9", "10", "11", "12", "13", "14", "15", "16", "17", "18", 
"19", "20", "21", "22", "23", "24", "25", "26", "27", "28", "29", 
"30", "31"), class = "data.frame")
