"cemento" <-
structure(list(y = c(13, 13.3, 11.8, 21.9, 24.5, 24.7, 29.8, 
28, 24.1, 24.2, 26.2, 32.4, 30.4, 34.5, 33.1, 35.7, 41.8, 42.6, 
40.3, 35.7, 37.3), a = structure(c(1, 1, 1, 2, 2, 2, 3, 3, 3, 
3, 3, 4, 4, 4, 4, 4, 5, 5, 5, 5, 5), .Label = c("1", "2", "3", 
"4", "5"), class = "factor"), x = c(1, 1, 1, 2, 2, 2, 3, 3, 3, 
3, 3, 7, 7, 7, 7, 7, 28, 28, 28, 28, 28)), .Names = c("y", "a", 
"x"), row.names = c("1", "2", "3", "4", "5", "6", "7", "8", "9", 
"10", "11", "12", "13", "14", "15", "16", "17", "18", "19", "20", 
"21"), class = "data.frame")
