"challen" <-
structure(list(Temp = c(66, 70, 69, 68, 67, 72, 73, 70, 57, 63, 
70, 78, 67, 53, 67, 75, 70, 81, 76, 79, 75, 76, 58), Pres = c(50, 
50, 50, 50, 50, 50, 50, 100, 100, 200, 200, 200, 200, 200, 200, 
200, 200, 200, 200, 200, 200, 200, 200), Fail = c(0, 1, 0, 0, 
0, 0, 0, 0, 1, 1, 1, 0, 0, 2, 0, 0, 0, 0, 0, 0, 2, 0, 1)), .Names = c("Temp", 
"Pres", "Fail"), class = "data.frame", row.names = c("1", "2", 
"3", "4", "5", "6", "7", "8", "9", "10", "11", "12", "13", "14", 
"15", "16", "17", "18", "19", "20", "21", "22", "23"))
