"chapman" <-
structure(list(age = as.integer(c(44, 35, 41, 31, 61, 61, 44, 
58, 52, 52, 52, 40, 49, 34, 37, 63, 28, 40, 51, 33, 37, 33, 41, 
38, 52, 31, 44, 31, 40, 36, 42, 28, 40, 40, 35, 32, 31, 52, 45, 
39, 40, 48, 29, 56, 53, 47, 30, 64, 31, 35, 65, 43, 53, 58, 67, 
53, 42, 43, 52, 68, 64, 46, 41, 58, 50, 45, 59, 56, 59, 47, 43, 
37, 27, 44, 41, 33, 29, 24, 36, 23, 47, 26, 45, 41, 55, 34, 51, 
58, 51, 35, 34, 26, 25, 44, 57, 67, 59, 62, 40, 52, 28, 34, 43, 
38, 45, 26, 35, 51, 55, 45, 69, 58, 64, 70, 27, 53, 28, 29, 23, 
40, 53, 25, 63, 48, 36, 28, 57, 39, 52, 51, 37, 28, 44, 35, 41, 
29, 46, 55, 32, 40, 61, 29, 52, 25, 27, 27, 53, 42, 64, 27, 55, 
33, 58, 51, 37, 47, 49, 46, 40, 26, 28, 23, 52, 42, 27, 29, 43, 
34, 40, 28, 30, 34, 26, 34, 35, 34, 45, 47, 54, 30, 29, 48, 37, 
43, 31, 48, 34, 42, 49, 50, 42, 50, 60, 27, 29, 29, 49, 49, 50, 
31)), bpmax = as.integer(c(124, 110, 114, 100, 190, 130, 130, 
110, 120, 120, 130, 120, 130, 120, 115, 140, 138, 115, 148, 120, 
110, 132, 112, 114, 100, 114, 110, 108, 110, 110, 136, 124, 120, 
150, 100, 120, 110, 130, 110, 106, 130, 110, 110, 141, 90, 90, 
114, 140, 130, 120, 130, 122, 120, 138, 168, 120, 134, 115, 110, 
110, 105, 138, 120, 130, 160, 100, 156, 120, 126, 110, 95, 120, 
100, 110, 120, 120, 115, 120, 108, 110, 120, 110, 130, 164, 125, 
110, 110, 120, 118, 110, 118, 120, 110, 100, 130, 110, 160, 130, 
140, 120, 130, 115, 122, 125, 110, 120, 112, 120, 120, 130, 160, 
140, 190, 190, 112, 155, 115, 110, 120, 120, 160, 110, 130, 110, 
120, 120, 110, 110, 130, 140, 120, 110, 120, 100, 100, 120, 125, 
148, 100, 125, 154, 100, 110, 120, 110, 130, 130, 120, 115, 130, 
110, 120, 110, 110, 134, 120, 120, 150, 110, 110, 110, 108, 125, 
110, 115, 120, 122, 110, 120, 115, 115, 108, 120, 135, 100, 110, 
100, 120, 134, 110, 110, 110, 120, 138, 124, 140, 110, 130, 122, 
130, 120, 140, 160, 124, 120, 110, 112, 100, 128, 105)), bpmin = as.integer(c(80, 
70, 80, 80, 110, 88, 94, 74, 80, 80, 80, 90, 75, 80, 70, 90, 
80, 82, 110, 70, 70, 90, 80, 70, 78, 80, 80, 70, 74, 80, 82, 
82, 85, 100, 70, 80, 80, 90, 80, 80, 90, 70, 70, 100, 55, 60, 
76, 90, 88, 88, 90, 82, 80, 82, 105, 80, 90, 75, 75, 80, 68, 
90, 90, 90, 110, 70, 90, 92, 96, 80, 70, 74, 60, 80, 80, 80, 
80, 80, 66, 78, 80, 75, 90, 110, 88, 80, 75, 80, 88, 75, 78, 
70, 75, 70, 85, 80, 90, 88, 90, 90, 80, 80, 78, 80, 80, 84, 90, 
90, 82, 90, 90, 90, 100, 112, 78, 104, 65, 80, 82, 78, 90, 75, 
90, 78, 80, 86, 68, 80, 90, 90, 90, 75, 90, 70, 65, 80, 90, 90, 
70, 90, 80, 60, 80, 80, 70, 90, 80, 80, 75, 90, 70, 80, 80, 80, 
80, 70, 90, 104, 70, 80, 70, 68, 90, 75, 88, 80, 78, 70, 80, 
70, 70, 75, 80, 90, 70, 60, 70, 80, 90, 80, 80, 80, 88, 94, 90, 
85, 80, 80, 94, 85, 80, 95, 100, 80, 85, 70, 78, 70, 92, 68)), 
    chol = as.integer(c(254, 240, 279, 284, 315, 250, 298, 384, 
    310, 337, 367, 273, 273, 314, 243, 341, 245, 302, 302, 386, 
    312, 302, 394, 358, 336, 251, 322, 281, 336, 314, 383, 360, 
    369, 333, 253, 268, 257, 474, 391, 248, 520, 285, 352, 428, 
    334, 278, 264, 243, 348, 290, 370, 363, 343, 305, 365, 307, 
    243, 266, 341, 268, 261, 378, 279, 416, 261, 332, 337, 365, 
    292, 304, 341, 317, 296, 390, 274, 355, 225, 218, 298, 178, 
    341, 274, 285, 259, 266, 214, 267, 256, 273, 348, 322, 267, 
    270, 280, 320, 320, 330, 274, 269, 269, 135, 403, 294, 312, 
    311, 222, 302, 269, 311, 286, 370, 403, 244, 353, 252, 453, 
    260, 269, 235, 264, 420, 235, 420, 277, 319, 386, 353, 344, 
    210, 286, 260, 252, 336, 216, 208, 352, 346, 259, 290, 239, 
    333, 173, 253, 156, 156, 208, 218, 172, 357, 178, 283, 275, 
    187, 282, 282, 254, 273, 328, 244, 277, 195, 206, 327, 246, 
    203, 185, 224, 246, 227, 229, 214, 206, 173, 248, 222, 230, 
    219, 239, 258, 190, 252, 253, 172, 320, 166, 266, 176, 271, 
    295, 271, 259, 178, 317, 192, 187, 238, 283, 264, 264, 193
    )), height = as.integer(c(70, 73, 68, 68, 68, 70, 68, 67, 
    66, 67, 69, 68, 66, 74, 65, 74, 70, 69, 69, 66, 71, 69, 69, 
    69, 70, 71, 68, 67, 68, 73, 69, 67, 71, 70, 68, 68, 71, 69, 
    69, 67, 68, 66, 66, 65, 68, 69, 73, 71, 72, 70, 65, 69, 71, 
    67, 68, 70, 67, 68, 69, 62, 66, 67, 70, 68, 66, 67, 67, 65, 
    67, 67, 69, 74, 67, 66, 69, 68, 70, 69, 67, 66, 70, 70, 65, 
    66, 67, 67, 66, 67, 64, 72, 69, 70, 74, 65, 69, 64, 63, 69, 
    63, 68, 67, 69, 68, 71, 69, 72, 67, 70, 71, 73, 67, 66, 66, 
    66, 68, 66, 66, 68, 65, 71, 67, 69, 69, 71, 70, 70, 71, 66, 
    65, 67, 67, 67, 72, 66, 69, 68, 63, 71, 70, 67, 66, 69, 70, 
    67, 67, 69, 73, 68, 67, 74, 70, 67, 71, 71, 71, 65, 71, 71, 
    70, 74, 73, 71, 65, 67, 70, 72, 66, 68, 67, 70, 71, 71, 67, 
    70, 73, 73, 69, 67, 66, 69, 68, 72, 71, 65, 67, 71, 72, 70, 
    73, 68, 64, 68, 72, 70, 68, 72, 64, 70, 70, 67)), weight = as.integer(c(190, 
    216, 178, 149, 182, 185, 161, 175, 144, 130, 162, 175, 155, 
    156, 151, 168, 185, 225, 247, 146, 170, 161, 167, 198, 162, 
    150, 196, 130, 166, 178, 187, 148, 180, 172, 141, 176, 154, 
    145, 159, 181, 169, 160, 149, 171, 166, 121, 178, 171, 181, 
    162, 153, 164, 159, 152, 190, 200, 147, 125, 163, 138, 108, 
    142, 212, 188, 145, 144, 158, 154, 148, 155, 154, 184, 140, 
    167, 138, 169, 186, 131, 160, 142, 218, 147, 161, 245, 167, 
    139, 150, 175, 123, 174, 192, 140, 195, 144, 193, 134, 144, 
    179, 111, 164, 168, 175, 173, 158, 154, 214, 176, 262, 181, 
    143, 185, 140, 187, 163, 164, 170, 150, 141, 135, 135, 141, 
    148, 160, 180, 157, 189, 166, 175, 172, 134, 188, 149, 175, 
    126, 165, 160, 155, 140, 181, 178, 141, 143, 139, 136, 150, 
    185, 185, 161, 180, 198, 128, 177, 224, 160, 181, 136, 245, 
    187, 161, 190, 180, 165, 147, 146, 182, 187, 128, 140, 163, 
    144, 150, 137, 141, 141, 190, 167, 159, 157, 170, 132, 155, 
    178, 168, 159, 160, 165, 194, 191, 198, 212, 147, 173, 206, 
    190, 181, 143, 149, 166, 176, 141)), cnt = as.integer(c(0, 
    0, 0, 0, 1, 0, 0, 0, 0, 0, 0, 0, 0, 0, 0, 0, 0, 0, 1, 0, 
    1, 0, 0, 0, 0, 0, 1, 0, 1, 0, 0, 0, 0, 0, 0, 0, 0, 0, 1, 
    0, 1, 1, 0, 1, 0, 0, 0, 1, 0, 0, 1, 0, 0, 1, 1, 0, 0, 0, 
    0, 0, 0, 0, 0, 0, 0, 0, 0, 0, 0, 0, 0, 0, 0, 0, 0, 0, 0, 
    0, 0, 0, 1, 0, 0, 0, 0, 1, 0, 0, 0, 0, 0, 0, 0, 0, 0, 0, 
    0, 0, 0, 0, 0, 0, 0, 0, 0, 0, 0, 0, 0, 0, 1, 0, 0, 0, 0, 
    0, 0, 0, 0, 0, 0, 0, 1, 1, 0, 1, 0, 0, 1, 0, 0, 0, 0, 0, 
    0, 0, 0, 0, 0, 0, 0, 0, 0, 0, 0, 0, 0, 0, 0, 0, 1, 0, 0, 
    0, 0, 0, 0, 0, 1, 0, 0, 0, 0, 0, 0, 0, 0, 0, 0, 0, 0, 0, 
    0, 0, 0, 0, 0, 0, 0, 0, 0, 0, 0, 1, 0, 0, 0, 1, 0, 1, 0, 
    1, 0, 0, 0, 0, 0, 0, 0, 0))), .Names = c("age", "bpmax", 
"bpmin", "chol", "height", "weight", "cnt"),