"chin1" <-
structure(list(ny = c(20, 10, 15, 3, 3, 3, 7, 1, 12, 7, 1, 3), 
    y = c(14, 24, 12, 15, 2, 2, 4, 6, 3, 5, 0, 2), vaccino = structure(c(1, 
    2, 1, 2, 1, 2, 1, 2, 1, 2, 1, 2), .Label = c("si", "no"), class = "factor"), 
    eta = c(2, 2, 7.5, 7.5, 12.5, 12.5, 17.5, 17.5, 30, 30, 55, 
    55)), .Names = c("ny", "y", "vaccino", "eta"), row.names = c("1", 
"2", "3", "4", "5", "6", "7", "8", "9", "10", "11", "12"), class = "data.frame")
