"claim" <-
structure(list(age = c(18, 20, 22, 23, 23, 24, 24, 25, 25, 27, 
28, 28, 28, 29, 30, 30, 30, 30, 31, 31, 32, 33, 33, 33, 34, 34, 
34, 35, 35, 35, 37, 37, 37, 39, 40), number = c(0, 1, 1, 0, 0, 
0, 1, 0, 5, 0, 1, 2, 2, 4, 2, 1, 3, 1, 0, 3, 4, 2, 0, 1, 2, 3, 
0, 1, 2, 1, 2, 5, 1, 2, 4)), .Names = c("age", "number"), class = "data.frame", row.names = c("1", 
"2", "3", "4", "5", "6", "7", "8", "9", "10", "11", "12", "13", 
"14", "15", "16", "17", "18", "19", "20", "21", "22", "23", "24", 
"25", "26", "27", "28", "29", "30", "31", "32", "33", "34", "35"
))
