"claims" <-
structure(list(n = c(197, 264, 246, 1680, 284, 536, 696, 3582, 
133, 286, 355, 1640, 24, 71, 99, 452, 85, 139, 151, 931, 149, 
313, 419, 2443, 66, 175, 221, 1110, 9, 48, 72, 322, 35, 73, 89, 
648, 53, 155, 240, 1635, 24, 78, 121, 692, 7, 29, 43, 245, 20, 
33, 40, 316, 31, 81, 122, 724, 18, 39, 68, 344, 3, 16, 25, 114
), cl = c(38, 35, 20, 156, 63, 84, 89, 400, 19, 52, 74, 233, 
4, 18, 19, 77, 22, 19, 22, 87, 25, 51, 49, 290, 14, 46, 39, 143, 
4, 15, 12, 53, 5, 11, 10, 67, 10, 24, 37, 187, 8, 19, 24, 101, 
3, 2, 8, 37, 2, 5, 4, 36, 7, 10, 22, 102, 5, 7, 16, 63, 0, 6, 
8, 33), dist = structure(c(1, 1, 1, 1, 1, 1, 1, 1, 1, 1, 1, 1, 
1, 1, 1, 1, 2, 2, 2, 2, 2, 2, 2, 2, 2, 2, 2, 2, 2, 2, 2, 2, 3, 
3, 3, 3, 3, 3, 3, 3, 3, 3, 3, 3, 3, 3, 3, 3, 4, 4, 4, 4, 4, 4, 
4, 4, 4, 4, 4, 4, 4, 4, 4, 4), .Label = c("1", "2", "3", "4"), class = "factor"), 
    car = structure(c(1, 1, 1, 1, 2, 2, 2, 2, 3, 3, 3, 3, 4, 
    4, 4, 4, 1, 1, 1, 1, 2, 2, 2, 2, 3, 3, 3, 3, 4, 4, 4, 4, 
    1, 1, 1, 1, 2, 2, 2, 2, 3, 3, 3, 3, 4, 4, 4, 4, 1, 1, 1, 
    1, 2, 2, 2, 2, 3, 3, 3, 3, 4, 4, 4, 4), .Label = c("1", "2", 
    "3", "4"), class = "factor"), age = structure(c(1, 2, 3, 
    4, 1, 2, 3, 4, 1, 2, 3, 4, 1, 2, 3, 4, 1, 2, 3, 4, 1, 2, 
    3, 4, 1, 2, 3, 4, 1, 2, 3, 4, 1, 2, 3, 4, 1, 2, 3, 4, 1, 
    2, 3, 4, 1, 2, 3, 4, 1, 2, 3, 4, 1, 2, 3, 4, 1, 2, 3, 4, 
    1, 2, 3, 4), .Label = c("1", "2", "3", "4"), class = "factor")), .Names = c("n", 
"cl", "dist", "car", "age"), row.names = c("1", "2", "3", "4", 
"5", "6", "7", "8", "9", "10", "11", "12", "13", "14", "15", 
"16", "17", "18", "19", "20", "21", "22", "23", "24", "25", "26", 
"27", "28", "29", "30", "31", "32", "33", "34", "35", "36", "37", 
"38", "39", "40", "41", "42", "43", "44", "45", "46", "47", "48", 
"49", "50", "51", "52", "53", "54", "55", "56", "57", "58", "59", 
"60", "61", "62", "63", "64"), class = "data.frame")
