"classi" <-
structure(list(x1 = c(0.732456613, 0.0107199067, 1.1812869234, 
-2.9159786964, 2.2479730732, 0.1614626318, 2.2533327779, 2.3529703698, 
0.3244992651, 3.2414316773, 3.4489675295, 1.0738060934, 0.8308540773, 
-1.4271718028, 1.1218414174, -0.0598363106, 0.26058548, 1.596895953, 
-0.5340559799, 0.0943674741, 0.1973905059, 0.4395076193, 1.3149629683, 
0.420383061, -0.7706081926, -0.6850552329, 1.9877527524, 2.0531991243, 
0.0896471081, 0.9751615557, 1.0705917536, 2.2375119356, -0.1754207526, 
-0.6570631394, 0.6688978346, 0.0251667623, 1.4688120217, 1.3981575667, 
0.0032609525, 1.9393082361, 1.0757657662, 1.60254051, -1.2326272873, 
3.133215395, 1.5866510596, -0.2117201991, 1.5133941588, 1.9739190265, 
0.4970293012, -0.0866418444, 2.9498733937, 0.9063627823, 1.6584732083, 
0.1876399232, -0.6214856337, -1.2452798692, 2.1570304538, 2.0912581528, 
1.6108747241, 1.2575038459, 1.5178982049, -0.2837176537, -1.5018047552, 
-0.7617872777, 2.3235985053, 0.6880780078, 1.5212444233, -0.7292305163, 
2.1085923089, 2.3681663972, -0.5926862314, 1.5461101588, -0.1533423478, 
0.0531510772, 0.4240614523, 0.7888464629, 1.3577916475, 0.0608607278, 
0.4284933753, -1.3294535441, 1.3270793928, -0.2386015809, 1.6408685682, 
-2.3376378041, 0.0373737596, 1.2770362615, 0.5262259254, 2.3411353326, 
0.5240165752, 1.3403228817, -0.1284876646, 2.4037737598, 0.9629281674, 
0.9270664038, -1.0634431758, 3.0602797854, 0.4781887141, -0.4190823351, 
3.1071221616, 1.5735058895, 2.2283435292, -0.1107501885, 1.2545354812, 
-0.5095544008, 1.2852153745, 3.3211257433, 1.5834709497, 1.6043511823, 
0.8055666153, 2.2341672994, -2.0331353956, 0.7353708547, 1.6611295997, 
1.089899643, 0.8312976833, -0.0599213265, 0.6240116998, -0.2596661461, 
1.0364715235, 1.8789393877, -3.290543839, -3.3768238005, -2.3671935451, 
-3.003873155, -2.6378841383, -1.9978552889, -2.8898562772, -1.7855926743, 
-1.6670946943, -0.0006632139, -0.2602061268, -2.8056496289, -0.5061194705, 
-2.3307607948, -0.935361861, 0.3148243061, -2.0726218152, -3.9332427066, 
-0.8179850024, -0.3452352265, -0.785632626, 0.0497283536, -1.9344060459, 
1.5599189712, 0.5623699987, -1.2464130877, 1.0729357498, -2.9105237199, 
-1.280533899, -2.4946479875, -0.3156346888, -2.4035135553, -2.0659283758, 
0.092468035, -2.3353037568, -2.168432043, -2.8228359953, -4.7740779043, 
-1.6019732627, -1.4240872593, -3.8625103229, -1.5923006374, -1.3908809547, 
-1.0142662632, -0.7209016697, 0.1067741195, -0.7951133247, -2.173855119, 
-1.9702159445, -1.7673686282, 0.0224174696, -0.1931409392, -2.5904955565, 
-0.5232204575, -2.4843418828, -3.0715660148, -4.8457398775, -0.2836750399, 
-1.6781341219, -0.5305446405, -2.2606282545, -1.3508808499, -0.1229496749, 
-0.3379425766, 0.4890098153, -0.6302243335, -0.7659344861, 0.069634317, 
-2.7881421234, -2.2863985231, -2.9575672709, -2.6945837433, -3.090022813, 
-0.2128316832, -1.5977715102, -1.6866754298, -1.4058451711, -1.3474246148, 
-0.876624512, 0.2048843443, 0.7309252554, -0.197158545, 0.0296829631, 
0.0506697443, -0.7333845867, -0.7805178345, 2.1912632787, 0.4155369604, 
0.6347768472, 0.2264084794, 0.4957370639, 1.4163830405, 0.2763316947, 
0.9696186363, 1.839215169, 1.0454987699, 0.1679576172, 1.3689100113, 
1.2793786016, 1.1578494615, 0.8497261438, 0.9803364561, 0.2528557603, 
-0.2188562775, 0.370548434, 0.3053190253, 1.3328749134, -0.2606012964, 
0.3212946024, 0.2004706071, -0.6059693494, 1.2086740868, 1.307925329, 
0.8226846674, -0.0943717657, 2.2039516459, 0.8820427775, 0.4338148237, 
0.6408095654, -0.4803052744, -1.3649123163, 1.3008011739, 1.151635597, 
1.2963531589, 0.2527199764, -0.1800943386, 1.2069198528, -0.1637924633, 
-0.7233596776, 0.9385071737, 1.5149401415, 0.1451456997, -0.496394414, 
-1.6887372019, 0.666775518, 0.5527383361, -0.3130039776, 0.6551691843, 
1.350548065, 0.2233097312, 0.9857533604, 0.6063585444, -0.2386692035, 
1.2808251245, 0.6793192542, 1.8162183143, 0.1206014209, 0.5423244168, 
0.0433988953, 0.3476239796, 0.4953699584, 0.2581564551, 1.0873687376, 
-0.1467309829, -0.5672439502, 1.1739287486, -0.4050999692, 2.6871429883, 
-0.4031091344, 1.076350212, 0.1815186158, 1.2422497214, 0.6207745465, 
1.4878325747, 1.2378743863, 1.0203327677, 0.8824007693, -1.0327073864, 
0.5691849531, 0.3805469745, 2.1336729481, 0.2411492304, -0.1120516956, 
1.2395039581, 0.0563875808, 0.329265194, -0.5012789239, -0.2283824429, 
1.2353122172, 0.9968183256),