"clouds" <-
structure(list(Unseeded_Clouds = c(1202.6, 830.1, 372.4, 345.5, 
321.2, 244.3, 163, 147.8, 95, 87, 81.2, 68.5, 47.3, 41.1, 36.6, 
29, 28.6, 26.3, 26.1, 24.4, 21.7, 17.3, 11.5, 4.9, 4.9, 1), Seeded_Clouds = c(2745.6, 
1697.8, 1656, 978, 703.4, 489.1, 430, 334.1, 302.8, 274.7, 274.7, 
255, 242.5, 200.7, 198.6, 129.6, 119, 118.3, 115.3, 92.4, 40.6, 
32.7, 31.4, 17.5, 7.7, 4.1)), .Names = c("Unseeded_Clouds", "Seeded_Clouds"
), class = "data.frame", row.names = c("1", "2", "3", "4", "5", 
"6", "7", "8", "9", "10", "11", "12", "13", "14", "15", "16", 
"17", "18", "19", "20", "21", "22", "23", "24", "25", "26"))
