"collett" <-
structure(list(dur = c(45, 15, 40, 83, 90, 25, 35, 65, 95, 35, 
75, 45, 50, 75, 30, 25, 20, 60, 70, 30, 60, 61, 65, 15, 20, 45, 
15, 25, 15, 30, 40, 15, 135, 20, 40), sore = c(0, 0, 1, 1, 1, 
1, 1, 1, 1, 1, 1, 1, 0, 1, 0, 1, 0, 1, 1, 1, 1, 0, 1, 0, 0, 1, 
0, 1, 0, 1, 1, 0, 1, 0, 0), type = structure(c(1, 1, 1, 2, 2, 
2, 1, 1, 1, 1, 1, 2, 2, 2, 1, 1, 2, 2, 2, 1, 1, 1, 1, 2, 2, 1, 
2, 1, 2, 1, 1, 2, 2, 2, 2), .Label = c("0", "1"), class = "factor")), .Names = c("dur", 
"sore", "type"), row.names = c("1", "2", "3", "4", "5", "6", 
"7", "8", "9", "10", "11", "12", "13", "14", "15", "16", "17", 
"18", "19", "20", "21", "22", "23", "24", "25", "26", "27", "28", 
"29", "30", "31", "32", "33", "34", "35"), class = "data.frame")
