"college.tab" <-
structure(c(4, 5, 9, 5, 12, 8, 10, 13, 349, 454, 207, 312, 126, 
216, 67, 96, 13, 9, 33, 14, 38, 20, 49, 28, 64, 44, 72, 47, 54, 
35, 43, 24, 2, 11, 7, 19, 12, 12, 17, 15, 232, 285, 201, 236, 
115, 164, 79, 113, 27, 29, 64, 47, 93, 62, 119, 72, 84, 61, 95, 
88, 92, 85, 59, 50, 8, 7, 6, 13, 17, 12, 6, 20, 166, 163, 120, 
193, 92, 174, 42, 81, 47, 36, 74, 75, 148, 91, 198, 142, 91, 
72, 110, 90, 100, 100, 73, 77, 4, 6, 5, 5, 9, 12, 8, 13, 48, 
50, 47, 70, 41, 48, 17, 49, 39, 36, 123, 110, 224, 230, 414, 
360, 57, 58, 90, 76, 65, 81, 54, 98), .Dim = c(2, 4, 2, 2, 4), .Dimnames = structure(list(
    gender = c("M", "F"), IQ = c("L", "LM", "UM", "H"), plan = c("yes", 
    "no"), parent = c("L", "H"), sclass = c("L", "LM", "UM", 
    "H")), .Names = c("gender", "IQ", "plan", "parent", "sclass"
)), class = c("table"))
