"conc" <-
structure(list(y = c(1.95, 2.42, 2.56, 2.08, 2.15, 2.42, 1.9, 
2.15, 1.95, 2.42, 2.15, 2.15, 2.15, 1.95, 2.18, 1.95, 2.42, 1.78, 
2.15, 2.26, 2.15, 2.26, 1.78, 1.9, 2.15, 1.78, 2.15, 2.56, 1.78, 
1.95, 2.18, 2.18, 1.95, 2.26, 2.15, 2.56, 2.15, 2.42, 2.56, 2.08, 
1.95, 2.15, 2.15, 2.26, 1.78, 2.56, 1.95, 1.78, 2.15, 2.15, 2.15, 
1.95, 2.18, 1.9, 2, 2.08, 2.15, 1.65, 1.65, 1.95), pos = structure(c(1, 
1, 1, 1, 1, 1, 1, 1, 1, 1, 1, 1, 1, 1, 1, 1, 1, 1, 1, 1, 1, 1, 
1, 1, 1, 1, 1, 1, 1, 1, 2, 2, 2, 2, 2, 2, 2, 2, 2, 2, 2, 2, 2, 
2, 2, 2, 2, 2, 2, 2, 2, 2, 2, 2, 2, 2, 2, 2, 2, 2), .Label = c("1", 
"2"), class = "factor"), prof = c(0, 0, 0, 0, 0, 0, 0, 0, 0, 
0, 4, 4, 4, 4, 4, 4, 4, 4, 4, 4, 8, 8, 8, 8, 8, 8, 8, 8, 8, 8, 
0, 0, 0, 0, 0, 0, 0, 0, 0, 0, 4, 4, 4, 4, 4, 4, 4, 4, 4, 4, 8, 
8, 8, 8, 8, 8, 8, 8, 8, 8)), .Names = c("y", "pos", "prof"), row.names = c("1", 
"2", "3", "4", "5", "6", "7", "8", "9", "10", "11", "12", "13", 
"14", "15", "16", "17", "18", "19", "20", "21", "22", "23", "24", 
"25", "26", "27", "28", "29", "30", "31", "32", "33", "34", "35", 
"36", "37", "38", "39", "40", "41", "42", "43", "44", "45", "46", 
"47", "48", "49", "50", "51", "52", "53", "54", "55", "56", "57", 
"58", "59", "60"), class = "data.frame")
