"condind" <-
structure(list(n = c(10, 40, 40, 160, 18, 132, 18, 132, 8, 192, 
2, 48), boy = structure(c(1, 1, 2, 2, 1, 1, 2, 2, 1, 1, 2, 2), .Label = c("1", 
"2"), class = "factor"), status = structure(c(1, 1, 1, 1, 2, 
2, 2, 2, 3, 3, 3, 3), .Label = c("1", "2", "3"), class = "factor"), 
    del = structure(c(1, 2, 1, 2, 1, 2, 1, 2, 1, 2, 1, 2), .Label = c("1", 
    "2"), class = "factor")), .Names = c("n", "boy", "status", 
"del"), row.names = c("1", "2", "3", "4", "5", "6", "7", "8", 
"9", "10", "11", "12"), class = "data.frame")
