"contr2" <-
structure(list(use = c(0, 0, 1, 1, 1, 1, 1, 1, 0, 1, 0, 1, 1, 
0, 1, 1, 0, 1, 1, 0, 1, 1, 0, 1, 1, 0, 0, 1, 0, 1, 1, 1, 0, 1, 
1, 1, 1, 1, 0, 0, 1, 1, 1, 1, 0, 1, 1, 0, 1, 1, 1, 1, 0, 0, 1, 
1, 1, 1, 1, 1, 1, 0, 0, 1, 1, 1, 1, 1, 1, 1, 0, 1, 1, 1, 1, 1, 
1, 1, 1, 1, 0, 0, 1, 0, 1, 1, 1, 1, 1, 1, 1, 0, 0, 1, 1, 1, 1, 
0, 0, 1, 1, 0, 1, 1, 0, 1, 0, 1, 1, 1, 1, 0, 1, 1, 0, 0, 1, 0, 
0, 1, 1, 1, 1, 1, 1, 1, 1, 1, 1, 1, 1, 1, 1, 0, 1, 1, 0, 0, 1, 
0, 0, 1, 1, 1, 0, 0, 1, 1, 0, 1, 0, 1, 0, 1, 1, 1, 1, 1, 1, 0, 
0, 0, 1, 1, 1, 1, 0, 1, 1, 1, 0, 1, 1, 1, 1, 0, 1, 1, 1, 1, 0, 
1, 1, 1, 1, 1, 0, 0, 1, 1, 0, 1, 0, 0, 0, 0, 1, 0, 0, 0, 1, 1, 
1, 1, 1, 1, 1, 0, 1, 1, 1, 0, 1, 0, 1, 0, 0, 0, 0, 0, 0, 0, 1, 
0, 1, 0, 0, 0, 1, 0, 1, 0, 1, 1, 1, 0, 1, 1, 1, 1, 1, 1, 1, 0, 
1, 0, 0, 0, 0, 1, 1, 0, 0, 1, 1, 1, 1, 1, 1, 1, 1, 1, 1, 0, 1, 
1, 1, 0, 1, 1, 0, 1, 1, 1, 1, 1, 1, 1, 1, 1, 1, 1, 1, 1, 0, 0, 
1, 1, 1, 1, 1, 1, 1, 1, 1, 0, 0, 1, 1, 0, 0, 1, 0, 1, 0, 0, 1, 
0, 1, 1, 1, 1, 1, 1, 0, 1, 1, 0, 1, 0, 1, 0, 1, 1, 1, 0, 1, 1, 
1, 0, 1, 1, 1, 0, 1, 0, 1, 1, 1, 1, 0, 0, 0, 0, 1, 1, 0, 1, 0, 
0, 1, 0, 1, 0, 0, 1, 1, 1, 0, 0, 0, 0, 0, 0, 0, 0, 0, 0, 0, 0, 
1, 0, 1, 0, 1, 1, 0, 0, 0, 0, 0, 0, 0, 1, 1, 0, 0, 1, 0, 1, 1, 
0, 1, 0, 0, 0, 1, 0, 0, 0, 0, 1, 1, 1, 1, 1, 1, 1, 1, 0, 0, 1, 
1, 0, 1, 0, 1, 0, 1, 0, 0, 0, 0, 0, 1, 0, 0, 0, 1, 1, 0, 1, 1, 
0, 1, 1, 1, 1, 1, 1, 1, 1, 0, 0, 0, 1, 1, 0, 1, 0, 1, 1, 0, 1, 
0, 0, 0, 0, 1, 1, 0, 1, 1, 1, 1, 1, 1, 1, 0, 0, 1, 0, 1, 1, 1, 
0, 0, 0, 0, 0, 1, 0, 1, 1, 0, 0, 1, 1, 1, 1, 0, 1, 1, 1, 1, 0, 
0, 0, 0, 1, 1, 1, 0, 1, 1, 0, 1, 0, 0, 0, 0, 1, 0, 1, 1, 0, 1, 
0, 1, 0, 0, 1, 0, 1, 1, 1, 0, 0, 0, 0, 0, 1, 0, 1, 0, 0, 0, 0, 
1, 1, 1, 1, 1, 1, 1, 0, 1, 0, 1, 1, 1, 1, 1, 0, 1, 1, 0, 1, 1, 
1, 0, 0, 1, 1, 0, 1, 0, 0, 1, 0, 1, 1, 1, 0, 0, 1, 1, 1, 1, 0, 
1, 0, 1, 1, 0, 0, 1, 1, 0, 1, 0, 0, 0, 0, 1, 1, 1, 1, 1, 0, 1, 
0, 1, 1, 1, 0, 0, 1, 0, 1, 0, 1, 1, 0, 1, 1, 1, 0, 0, 1, 1, 1, 
0, 1, 1, 1, 1, 1, 0, 1, 1, 1, 1, 0, 1, 1, 1, 1, 0, 0, 1, 1, 1, 
1, 1, 0, 1, 1, 1, 1, 0, 0, 1, 1, 1, 1, 1, 0, 1, 1, 1, 1, 1, 1, 
0, 1, 0, 1, 0, 1, 1, 0, 0, 0, 0, 0, 0, 0, 0, 1, 0, 0, 1, 0, 1, 
0, 0, 0, 0, 1, 1, 0, 0, 0, 0, 1, 0, 0, 0, 1, 1, 1, 1, 0, 0, 1, 
0, 1, 0, 1, 0, 1, 0, 0, 1, 0, 0, 1, 0, 0, 1, 1, 0, 1, 1, 1, 0, 
1, 1, 1, 1, 1, 1, 0, 1, 0, 0, 1, 1, 1, 0, 0, 0, 0, 1, 1, 0, 1, 
1, 1, 1, 1, 1, 0, 0, 1, 1, 0, 0, 0, 0, 0, 1, 0, 0, 0, 1, 0, 1, 
1, 1, 1, 0, 1, 1, 0, 1, 0, 1, 1, 1, 0, 0, 1, 1, 1, 0, 1, 1, 0, 
1, 0, 1, 0, 1, 0, 1, 0, 0, 1, 1, 0, 0, 1, 0, 1, 0, 1, 1, 0, 1, 
1, 0, 0, 1, 1, 1, 1, 0, 1, 1, 1, 1, 1, 1, 1, 1, 1, 0, 0, 1, 1, 
1, 0, 1, 1, 1, 1, 1, 1, 0, 0, 1, 1, 1, 0, 1, 0, 1, 1, 0, 1, 0, 
1, 1, 1, 1, 1, 1, 1, 0, 1, 1, 1, 0, 0, 0, 1, 0, 1, 1, 1, 1, 1, 
1, 0, 1, 0, 0, 1, 1, 1, 0, 1, 1, 0, 1, 1, 0, 1, 1, 0, 0, 1, 0, 
0, 0, 0, 1, 0, 1, 0, 1, 1, 1, 1, 0, 0, 1, 1, 1, 1, 1, 1, 1, 0, 
0, 1, 0, 0, 1, 0, 0, 1, 1, 1, 1, 1, 0, 1, 1, 0, 0, 0, 0, 1, 1, 
0, 1, 1, 1, 0, 1, 1, 1, 1, 1, 0, 1, 0, 0, 0, 0, 1, 1, 0, 1, 1, 
1, 0, 1, 1, 1), age = c(35, 37, 41, 42, 37, 36, 41, 39, 40, 39, 
35, 39, 40, 44, 39, 38, 36, 39, 42, 39, 40, 42, 42, 42, 37, 35, 
35, 40, 35, 42, 35, 35, 35, 41, 44, 35, 43, 41, 38, 36, 43, 35, 
35, 35, 37, 40, 39, 38, 35, 37, 39, 39, 40, 37, 38, 39, 40, 42, 
36, 39, 44, 37, 37, 41, 42, 44, 40, 42, 42, 41, 40, 44, 35, 39, 
43, 35, 41, 40, 37, 37, 38, 39, 41, 42, 35, 37, 38, 39, 36, 38, 
44, 39, 36, 40, 41, 37, 40, 37, 39, 44, 36, 44, 37, 38, 38, 36, 
41, 44, 42, 40, 37, 44, 42, 41, 39, 37, 35, 42, 35, 37, 35, 35, 
38, 40, 40, 35, 38, 37, 35, 39, 37, 37, 36, 44, 38, 36, 39, 43, 
36, 37, 43, 37, 38, 36, 41, 40, 42, 42, 35, 37, 38, 37, 39, 41, 
42, 38, 38, 38, 40, 41, 39, 36, 42, 40, 37, 36, 35, 35, 36, 38, 
36, 41, 36, 36, 42, 44, 36, 44, 37, 43, 38, 37, 35, 41, 43, 35, 
40, 44, 35, 37, 39, 38, 40, 39, 37, 44, 38, 38, 36, 38, 42, 38, 
38, 40, 37, 37, 42, 37, 40, 40, 38, 43, 38, 40, 37, 38, 43, 39, 
44, 35, 36, 39, 43, 38, 37, 40, 41, 43, 38, 37, 41, 38, 35, 43, 
39, 39, 38, 37, 36, 44, 38, 42, 39, 40, 36, 41, 37, 39, 38, 42, 
37, 36, 39, 35, 43, 41, 36, 41, 43, 37, 35, 38, 38, 44, 37, 43, 
41, 37, 36, 39, 38, 42, 44, 38, 37, 37, 44, 40, 38, 38, 37, 42, 
36, 35, 39, 40, 40, 40, 36, 38, 35, 35, 37, 37, 35, 37, 37, 38, 
41, 37, 38, 36, 36, 41, 43, 38, 40, 37, 40, 41, 43, 35, 38, 35, 
36, 37, 39, 38, 38, 40, 35, 43, 40, 42, 40, 35, 42, 42, 42, 35, 
38, 44, 43, 39, 39, 36, 40, 38, 40, 40, 37, 35, 43, 43, 39, 41, 
35, 36, 35, 44, 44, 36, 36, 38, 43, 44, 37, 40, 43, 39, 41, 44, 
44, 42, 39, 44, 38, 36, 39, 36, 40, 36, 43, 36, 35, 39, 38, 35, 
36, 42, 39, 35, 38, 40, 41, 37, 38, 43, 38, 43, 40, 41, 35, 37, 
36, 42, 37, 43, 41, 41, 41, 35, 37, 35, 41, 38, 38, 38, 41, 39, 
40, 38, 36, 43, 38, 44, 43, 36, 36, 37, 35, 38, 42, 38, 37, 35, 
35, 38, 36, 41, 35, 39, 40, 40, 36, 43, 39, 38, 44, 35, 39, 39, 
36, 37, 40, 40, 43, 40, 37, 38, 42, 39, 40, 35, 35, 38, 37, 43, 
36, 42, 42, 40, 43, 39, 43, 44, 40, 35, 38, 40, 43, 41, 36, 40, 
39, 36, 36, 44, 36, 40, 35, 38, 39, 39, 43, 35, 41, 35, 35, 43, 
35, 42, 42, 40, 38, 40, 40, 35, 35, 37, 37, 43, 38, 35, 38, 40, 
38, 36, 38, 38, 36, 37, 41, 35, 43, 41, 41, 39, 41, 44, 39, 37, 
40, 35, 35, 42, 40, 38, 44, 43, 41, 40, 37, 37, 42, 38, 35, 35, 
35, 35, 42, 39, 44, 36, 40, 35, 41, 35, 38, 41, 39, 36, 39, 39, 
41, 36, 39, 37, 35, 39, 43, 43, 36, 37, 36, 36, 35, 44, 41, 42, 
37, 36, 37, 43, 37, 39, 42, 39, 43, 43, 44, 37, 39, 36, 37, 37, 
41, 38, 41, 35, 35, 35, 37, 35, 39, 42, 38, 41, 42, 44, 36, 36, 
44, 36, 38, 39, 35, 39, 39, 39, 38, 41, 44, 37, 40, 40, 39, 35, 
38, 35, 38, 36, 43, 39, 37, 41, 35, 41, 40, 44, 40, 43, 37, 42, 
36, 38, 35, 39, 36, 43, 40, 39, 38, 37, 35, 39, 39, 38, 41, 37, 
39, 40, 35, 36, 37, 40, 40, 43, 41, 40, 43, 39, 41, 37, 42, 38, 
44, 36, 37, 41, 39, 36, 36, 35, 43, 37, 37, 36, 38, 42, 41, 44, 
43, 37, 44, 36, 43, 35, 36, 39, 36, 37, 42, 36, 36, 42, 43, 39, 
35, 38, 36, 39, 43, 35, 43, 36, 41, 42, 43, 36, 37, 41, 38, 37, 
37, 41, 36, 44, 39, 38, 41, 40, 42, 39, 39, 43, 40, 38, 43, 44, 
39, 39, 38, 38, 38, 43, 40, 43, 35, 35, 37, 37, 35, 41, 43, 37, 
39, 37, 41, 40, 35, 37, 37, 36, 35, 41, 40, 39, 38, 36, 35, 35, 
37, 41, 35, 36, 38, 41, 42, 44, 39, 41, 38, 35, 43, 40, 36, 40, 
35, 41, 35, 35, 42, 36, 36, 44, 43, 38, 42, 41, 42, 38, 40, 36, 
40, 37, 37, 37, 41, 40, 42, 43, 42, 37, 39, 42, 35, 40, 40, 43, 
35, 39, 37, 37, 36, 39, 42, 35, 42, 42, 39, 39, 40, 42, 41, 37, 
39, 39, 41, 37, 43, 42, 41, 44, 37, 37, 43, 37, 40, 43, 40, 43, 
36, 42, 38, 41, 41, 42, 43, 35, 37, 38, 37, 35, 39, 40, 35, 37, 
43, 42, 42, 39, 44, 41, 35, 37, 35, 37, 38, 44, 37, 37, 41, 37, 
42, 37, 35, 40, 43, 39, 36, 37, 40, 35, 38, 35, 35, 44, 41, 35, 
36, 42, 44, 42, 41, 35, 42, 38, 42, 35, 36, 41, 40, 36, 39, 42, 
38, 37, 39, 37, 44, 36, 43, 44, 43, 35, 41, 39, 38, 35, 39, 38, 
44, 40, 37, 38, 41, 41, 39, 38, 43, 40, 37, 35, 36, 37, 41, 41, 
39, 37, 44, 40, 44, 39, 35, 39, 40, 42, 37, 35, 42, 36, 37, 38, 
35, 35, 36, 44, 42, 43, 41, 35, 38),