Credit <-
structure(list(ID = 1:400, Income = c(14.891, 106.02500000000001, 
104.593, 148.92400000000001, 55.881999999999998, 80.180000000000007, 
20.995999999999999, 71.408000000000001, 15.125, 71.061000000000007, 
63.094999999999999, 15.045, 80.616, 43.682000000000002, 19.143999999999998, 
20.088999999999999, 53.597999999999999, 36.496000000000002, 49.57, 
42.079000000000001, 17.699999999999999, 37.347999999999999, 20.103000000000002, 
64.027000000000001, 10.742000000000001, 14.09, 42.470999999999997, 
32.792999999999999, 186.63399999999999, 26.812999999999999, 34.142000000000003, 
28.940999999999999, 134.18100000000001, 31.367000000000001, 20.149999999999999, 
23.350000000000001, 62.412999999999997, 30.007000000000001, 11.795, 
13.647, 34.950000000000003, 113.65900000000001, 44.158000000000001, 
36.929000000000002, 31.861000000000001, 77.379999999999995, 19.530999999999999, 
44.646000000000001, 44.521999999999998, 43.478999999999999, 36.362000000000002, 
39.704999999999998, 44.204999999999998, 16.303999999999998, 15.333, 
32.915999999999997, 57.100000000000001, 76.272999999999996, 10.353999999999999, 
51.872, 35.509999999999998, 21.238, 30.681999999999999, 14.132, 
32.164000000000001, 12, 113.82899999999999, 11.186999999999999, 
27.847000000000001, 49.502000000000002, 24.888999999999999, 58.780999999999999, 
22.939, 23.989000000000001, 16.103000000000002, 33.017000000000003, 
30.622, 20.936, 110.968, 15.353999999999999, 27.369, 53.479999999999997, 
23.672000000000001, 19.225000000000001, 43.539999999999999, 152.298, 
55.366999999999997, 11.741, 15.56, 59.530000000000001, 20.190999999999999, 
48.497999999999998, 30.733000000000001, 16.478999999999999, 38.009, 
14.084, 14.311999999999999, 26.067, 36.295000000000002, 83.850999999999999, 
21.152999999999999, 17.975999999999999, 68.712999999999994, 146.18299999999999, 
15.846, 12.031000000000001, 16.818999999999999, 39.109999999999999, 
107.986, 13.561, 34.536999999999999, 28.574999999999999, 46.006999999999998, 
69.251000000000005, 16.481999999999999, 40.442, 35.177, 91.361999999999995, 
27.039000000000001, 23.012, 27.241, 148.08000000000001, 62.601999999999997, 
11.808, 29.564, 27.577999999999999, 26.427, 57.201999999999998, 
123.29900000000001, 18.145, 23.792999999999999, 10.726000000000001, 
23.283000000000001, 21.454999999999998, 34.664000000000001, 44.472999999999999, 
54.662999999999997, 36.354999999999997, 21.373999999999999, 107.84099999999999, 
39.831000000000003, 91.876000000000005, 103.893, 19.635999999999999, 
17.391999999999999, 19.529, 17.055, 23.856999999999999, 15.183999999999999, 
13.444000000000001, 63.930999999999997, 35.863999999999997, 41.418999999999997, 
92.111999999999995, 55.055999999999997, 19.536999999999999, 31.811, 
56.256, 42.356999999999999, 53.319000000000003, 12.238, 31.353000000000002, 
63.808999999999997, 13.676, 76.781999999999996, 25.382999999999999, 
35.691000000000003, 29.402999999999999, 27.469999999999999, 27.329999999999998, 
34.771999999999998, 36.933999999999997, 76.347999999999999, 14.887, 
121.834, 30.132000000000001, 24.050000000000001, 22.379000000000001, 
28.315999999999999, 58.026000000000003, 10.635, 46.101999999999997, 
58.929000000000002, 80.861000000000004, 158.88900000000001, 30.420000000000002, 
36.472000000000001, 23.364999999999998, 83.869, 58.350999999999999, 
55.186999999999998, 124.29000000000001, 28.507999999999999, 130.209, 
30.405999999999999, 23.882999999999999, 93.039000000000001, 50.698999999999998, 
27.349, 10.403, 23.949000000000002, 73.914000000000001, 21.038, 
68.206000000000003, 57.337000000000003, 10.792999999999999, 23.449999999999999, 
10.842000000000001, 51.344999999999999, 151.947, 24.542999999999999, 
29.567, 39.145000000000003, 39.421999999999997, 34.908999999999999, 
41.024999999999999, 15.476000000000001, 12.456, 10.627000000000001, 
38.954000000000001, 44.847000000000001, 98.515000000000001, 33.436999999999998, 
27.512, 121.709, 15.079000000000001, 59.878999999999998, 66.989000000000004, 
69.165000000000006, 69.942999999999998, 33.213999999999999, 25.123999999999999, 
15.741, 11.603, 69.656000000000006, 10.503, 42.529000000000003, 
60.579000000000001, 26.532, 27.952000000000002, 29.704999999999998, 
15.602, 20.917999999999999, 58.164999999999999, 22.561, 34.509, 
19.588000000000001, 36.363999999999997, 15.717000000000001, 22.574000000000002, 
10.363, 28.474, 72.944999999999993, 85.424999999999997, 36.508000000000003, 
58.063000000000002, 25.936, 15.629, 41.399999999999999, 33.656999999999996, 
67.936999999999998, 180.37899999999999, 10.587999999999999, 29.725000000000001, 
27.998999999999999, 40.884999999999998, 88.829999999999998, 29.638000000000002, 
25.988, 39.055, 15.866, 44.978000000000002, 30.413, 16.751000000000001, 
30.550000000000001, 163.32900000000001, 23.106000000000002, 41.531999999999996, 
128.03999999999999, 54.319000000000003, 53.401000000000003, 36.142000000000003, 
63.533999999999999, 49.927, 14.711, 18.966999999999999, 18.036000000000001, 
60.448999999999998, 16.710999999999999, 10.852, 26.370000000000001, 
24.088000000000001, 51.531999999999996, 140.672, 42.914999999999999, 
27.271999999999998, 65.896000000000001, 55.054000000000002, 20.791, 
24.919, 21.786000000000001, 31.335000000000001, 59.854999999999997, 
44.061, 82.706000000000003, 24.460000000000001, 45.119999999999997, 
75.406000000000006, 14.956, 75.257000000000005, 33.694000000000003, 
23.375, 27.824999999999999, 92.385999999999996, 115.52, 14.478999999999999, 
52.179000000000002, 68.462000000000003, 18.951000000000001, 27.59, 
16.279, 25.077999999999999, 27.228999999999999, 182.72800000000001, 
31.029, 17.765000000000001, 125.48, 49.165999999999997, 41.192, 
94.192999999999998, 20.405000000000001, 12.581, 62.328000000000003, 
21.010999999999999, 24.23, 24.314, 32.856000000000002, 12.414, 
41.365000000000002, 149.316, 27.794, 13.234, 14.595000000000001, 
10.734999999999999, 48.218000000000004, 30.012, 21.550999999999998, 
160.23099999999999, 13.433, 48.576999999999998, 30.001999999999999, 
61.619999999999997, 104.483, 41.868000000000002, 12.068, 180.68199999999999, 
34.479999999999997, 39.609000000000002, 30.111000000000001, 12.335000000000001, 
53.566000000000003, 53.216999999999999, 26.161999999999999, 64.173000000000002, 
128.66900000000001, 113.77200000000001, 61.069000000000003, 23.792999999999999, 
89, 71.682000000000002, 35.609999999999999, 39.116, 19.782, 55.411999999999999, 
29.399999999999999, 20.974, 87.625, 28.143999999999998, 19.349, 
53.308, 115.123, 101.788, 24.824000000000002, 14.292, 20.088000000000001, 
26.399999999999999, 19.253, 16.529, 37.878, 83.947999999999993, 
135.11799999999999, 73.326999999999998, 25.974, 17.315999999999999, 
49.793999999999997, 12.096, 13.364000000000001, 57.872, 37.728000000000002, 
18.701000000000001),