"crime" <-
structure(list(R = c(79.1, 163.5, 57.8, 196.9, 123.4, 68.2, 96.3, 
155.5, 85.6, 70.5, 167.4, 84.9, 51.1, 66.4, 79.8, 94.6, 53.9, 
92.9, 75, 122.5, 74.2, 43.9, 121.6, 96.8, 52.3, 199.3, 34.2, 
121.6, 104.3, 69.6, 37.3, 75.4, 107.2, 92.3, 65.3, 127.2, 83.1, 
56.6, 82.6, 115.1, 88, 54.2, 82.3, 103, 45.5, 50.8, 84.9), Age = c(151, 
143, 142, 136, 141, 121, 127, 131, 157, 140, 124, 134, 128, 135, 
152, 142, 143, 135, 130, 125, 126, 157, 132, 131, 130, 131, 135, 
152, 119, 166, 140, 125, 147, 126, 123, 150, 177, 133, 149, 145, 
148, 141, 162, 136, 139, 126, 130), SouthState = c(1, 0, 1, 0, 
0, 0, 1, 1, 1, 0, 0, 0, 0, 0, 1, 1, 0, 1, 0, 0, 0, 1, 0, 0, 0, 
0, 0, 0, 0, 1, 0, 0, 1, 0, 0, 0, 1, 0, 1, 1, 0, 0, 1, 0, 1, 0, 
0), Edu = c(91, 113, 89, 121, 121, 110, 111, 109, 90, 118, 105, 
108, 113, 117, 87, 88, 110, 104, 116, 108, 108, 89, 96, 116, 
116, 121, 109, 112, 107, 89, 93, 109, 104, 118, 102, 100, 87, 
104, 88, 104, 122, 109, 99, 121, 88, 104, 121), Expen = c(58, 
103, 45, 149, 109, 118, 82, 115, 65, 71, 121, 75, 67, 62, 57, 
81, 66, 123, 128, 113, 74, 47, 87, 78, 63, 160, 69, 82, 166, 
58, 55, 90, 63, 97, 97, 109, 58, 51, 61, 82, 72, 56, 75, 95, 
46, 106, 90), Expen2 = c(56, 95, 44, 141, 101, 115, 79, 109, 
62, 68, 116, 71, 60, 61, 53, 77, 63, 115, 128, 105, 67, 44, 83, 
73, 57, 143, 71, 76, 157, 54, 54, 81, 64, 97, 87, 98, 56, 47, 
54, 74, 66, 54, 70, 96, 41, 97, 91), Labor = c(510, 583, 533, 
577, 591, 547, 519, 542, 553, 632, 580, 595, 624, 595, 530, 497, 
537, 537, 536, 567, 602, 512, 564, 574, 641, 631, 540, 571, 521, 
521, 535, 586, 560, 542, 526, 531, 638, 599, 515, 560, 601, 523, 
522, 574, 480, 599, 623), Males = c(950, 1012, 969, 994, 985, 
964, 982, 969, 955, 1029, 966, 972, 972, 986, 986, 956, 977, 
978, 934, 985, 984, 962, 953, 1038, 984, 1071, 965, 1018, 938, 
973, 1045, 964, 972, 990, 948, 964, 974, 1024, 953, 981, 998, 
968, 996, 1012, 968, 989, 1049), Pop = c(33, 13, 18, 157, 18, 
25, 4, 50, 39, 7, 101, 47, 28, 22, 30, 33, 10, 31, 51, 78, 34, 
22, 43, 7, 14, 3, 6, 10, 168, 46, 6, 97, 23, 18, 113, 9, 24, 
7, 36, 96, 9, 4, 40, 29, 19, 40, 3), NW = c(301, 102, 219, 80, 
30, 44, 139, 179, 286, 15, 106, 59, 10, 46, 72, 321, 6, 170, 
24, 94, 12, 423, 92, 36, 26, 77, 4, 79, 89, 254, 20, 82, 95, 
21, 76, 24, 349, 40, 165, 126, 19, 2, 208, 36, 49, 24, 22), Unemp14 = c(108, 
96, 94, 102, 91, 84, 97, 79, 81, 100, 77, 83, 77, 77, 92, 116, 
114, 89, 78, 130, 102, 97, 83, 142, 70, 102, 80, 103, 92, 72, 
135, 105, 76, 102, 124, 87, 76, 99, 86, 88, 84, 107, 73, 111, 
135, 78, 113), Unemp25 = c(41, 36, 33, 39, 20, 29, 38, 35, 28, 
24, 35, 31, 25, 27, 43, 47, 35, 34, 34, 58, 33, 34, 32, 42, 21, 
41, 22, 28, 36, 26, 40, 43, 24, 35, 50, 38, 28, 27, 35, 31, 20, 
37, 27, 37, 53, 25, 40), Wealth = c(394, 557, 318, 673, 578, 
689, 620, 472, 421, 526, 657, 580, 507, 529, 405, 427, 487, 631, 
627, 626, 557, 288, 513, 540, 486, 674, 564, 537, 637, 396, 453, 
617, 462, 589, 572, 559, 382, 425, 395, 488, 590, 489, 496, 622, 
457, 593, 588), Income = c(261, 194, 250, 167, 174, 126, 168, 
206, 239, 174, 170, 172, 206, 190, 264, 247, 166, 165, 135, 166, 
195, 276, 227, 176, 196, 152, 139, 215, 154, 237, 200, 163, 233, 
166, 158, 153, 254, 225, 251, 228, 144, 170, 224, 162, 249, 171, 
160)), .Names = c("R", "Age", "SouthState", "Edu", "Expen", "Expen2", 
"Labor", "Males", "Pop", "NW", "Unemp14", "Unemp25", "Wealth", 
"Income"), class = "data.frame", row.names = c("1", "2", "3", 
"4", "5", "6", "7", "8", "9", "10", "11", "12", "13", "14", "15", 
"16", "17", "18", "19", "20", "21", "22", "23", "24", "25", "26", 
"27", "28", "29", "30", "31", "32", "33", "34", "35", "36", "37", 
"38", "39", "40", "41", "42", "43", "44", "45", "46", "47"))
