"cuore" <-
structure(list(ny = c(78, 74, 36, 36, 28, 11, 140, 39, 17, 32, 
19, 7, 41, 47, 65, 7, 27, 15, 74, 65, 53, 20, 38, 11, 30, 23, 
20, 16, 13, 5, 93, 52, 22, 24, 31, 4, 108, 51, 42, 25, 15, 11, 
164, 52, 14, 40, 15, 0, 34, 80, 124, 13, 36, 25, 71, 67, 66, 
14, 35, 15, 77, 51, 83, 22, 26, 6, 223, 129, 54, 56, 37, 6), 
    y = c(3, 1, 8, 0, 3, 0, 0, 2, 4, 2, 0, 0, 0, 3, 20, 0, 1, 
    6, 3, 3, 12, 1, 3, 5, 0, 3, 3, 0, 2, 1, 3, 2, 3, 0, 3, 1, 
    2, 2, 11, 1, 0, 1, 1, 2, 3, 0, 1, 1, 0, 10, 27, 0, 3, 11, 
    1, 5, 27, 1, 6, 7, 1, 4, 13, 0, 4, 6, 2, 13, 14, 2, 7, 3), 
    n = c(81, 75, 44, 36, 31, 11, 140, 41, 21, 34, 19, 7, 41, 
    50, 85, 7, 28, 21, 77, 68, 65, 21, 41, 16, 30, 26, 23, 16, 
    15, 6, 96, 54, 25, 24, 34, 5, 110, 53, 53, 26, 15, 12, 165, 
    54, 17, 40, 16, 1, 34, 90, 151, 13, 39, 36, 72, 72, 93, 15, 
    41, 22, 78, 55, 96, 22, 30, 12, 225, 142, 68, 58, 44, 9), 
    storia = structure(c(1, 1, 1, 2, 2, 2, 1, 1, 1, 2, 2, 2, 
    1, 1, 1, 2, 2, 2, 1, 1, 1, 2, 2, 2, 1, 1, 1, 2, 2, 2, 1, 
    1, 1, 2, 2, 2, 1, 1, 1, 2, 2, 2, 1, 1, 1, 2, 2, 2, 1, 1, 
    1, 2, 2, 2, 1, 1, 1, 2, 2, 2, 1, 1, 1, 2, 2, 2, 1, 1, 1, 
    2, 2, 2), .Label = c("1", "2"), class = "factor"), eta = structure(c(1, 
    2, 3, 1, 2, 3, 1, 2, 3, 1, 2, 3, 1, 2, 3, 1, 2, 3, 1, 2, 
    3, 1, 2, 3, 1, 2, 3, 1, 2, 3, 1, 2, 3, 1, 2, 3, 1, 2, 3, 
    1, 2, 3, 1, 2, 3, 1, 2, 3, 1, 2, 3, 1, 2, 3, 1, 2, 3, 1, 
    2, 3, 1, 2, 3, 1, 2, 3, 1, 2, 3, 1, 2, 3), .Label = c("1", 
    "2", "3"), class = "factor"), alc = structure(c(1, 1, 1, 
    1, 1, 1, 2, 2, 2, 2, 2, 2, 1, 1, 1, 1, 1, 1, 2, 2, 2, 2, 
    2, 2, 1, 1, 1, 1, 1, 1, 2, 2, 2, 2, 2, 2, 1, 1, 1, 1, 1, 
    1, 2, 2, 2, 2, 2, 2, 1, 1, 1, 1, 1, 1, 2, 2, 2, 2, 2, 2, 
    1, 1, 1, 1, 1, 1, 2, 2, 2, 2, 2, 2), .Label = c("1", "2"), class = "factor"), 
    fumo = structure(c(1, 1, 1, 1, 1, 1, 1, 1, 1, 1, 1, 1, 2, 
    2, 2, 2, 2, 2, 2, 2, 2, 2, 2, 2, 3, 3, 3, 3, 3, 3, 3, 3, 
    3, 3, 3, 3, 1, 1, 1, 1, 1, 1, 1, 1, 1, 1, 1, 1, 2, 2, 2, 
    2, 2, 2, 2, 2, 2, 2, 2, 2, 3, 3, 3, 3, 3, 3, 3, 3, 3, 3, 
    3, 3), .Label = c("1", "2", "3"), class = "factor"), classe = structure(c(1, 
    1, 1, 1, 1, 1, 1, 1, 1, 1, 1, 1, 1, 1, 1, 1, 1, 1, 1, 1, 
    1, 1, 1, 1, 1, 1, 1, 1, 1, 1, 1, 1, 1, 1, 1, 1, 2, 2, 2, 
    2, 2, 2, 2, 2, 2, 2, 2, 2, 2, 2, 2, 2, 2, 2, 2, 2, 2, 2, 
    2, 2, 2, 2, 2, 2, 2, 2, 2, 2, 2, 2, 2, 2), .Label = c("1", 
    "2"), class = "factor")), .Names = c("ny", "y", "n", "storia", 
"eta", "alc", "fumo", "classe"), row.names = c("1", "2", "3", 
"4", "5", "6", "7", "8", "9", "10", "11", "12", "13", "14", "15", 
"16", "17", "18", "19", "20", "21", "22", "23", "24", "25", "26", 
"27", "28", "29", "30", "31", "32", "33", "34", "35", "36", "37", 
"38", "39", "40", "41", "42", "43", "44", "45", "46", "47", "48", 
"49", "50", "51", "52", "53", "54", "55", "56", "57", "58", "59", 
"60", "61", "62", "63", "64", "65", "66", "67", "68", "69", "70", 
"71", "72"), class = "data.frame")
