"danes" <-
structure(list(age = c(19, 23, 27.5, 35, 45, 55, 65, 75), single = c(17, 
16, 8, 6, 5, 3, 2, 1), marr = c(1, 8, 17, 22, 21, 17, 8, 3), 
    div = c(0, 0, 1, 4, 6, 8, 6, 5)), .Names = c("age", "single", 
"marr", "div"), row.names = c("1", "2", "3", "4", "5", "6", "7", 
"8"), class = "data.frame")
