"danes2" <-
structure(list(freq = c(17, 16, 8, 6, 5, 3, 2, 1, 1, 8, 17, 22, 
21, 17, 8, 3, 0, 0, 1, 4, 6, 8, 6, 5), stat = structure(c(1, 
1, 1, 1, 1, 1, 1, 1, 2, 2, 2, 2, 2, 2, 2, 2, 3, 3, 3, 3, 3, 3, 
3, 3), .Label = c("1", "2", "3"), class = "factor"), age = c(19, 
23, 27.5, 35, 45, 55, 65, 75, 19, 23, 27.5, 35, 45, 55, 65, 75, 
19, 23, 27.5, 35, 45, 55, 65, 75)), .Names = c("freq", "stat", 
"age"), row.names = c("1", "2", "3", "4", "5", "6", "7", "8", 
"9", "10", "11", "12", "13", "14", "15", "16", "17", "18", "19", 
"20", "21", "22", "23", "24"), class = "data.frame")
