danger <-
structure(c(0.00462646246965559, -1.01215816889608, 0.128591507910542, 
-1.44179600119539, 1.30036159687288, -1.51334761188648, -0.654512281720366, 
-0.560202442229732, 7.81827745256872, 0.409689733964451, 4.66466579163116, 
0.430320836606403, -0.206202550957029, -0.327564001431579, 3.37155094290153, 
-0.895693065122874, -1.12304081418474, -3.18410598085638, -2.65225585922488, 
-0.968794103820971, -0.58460521503408, -2.32615970769333, 0.358513598046809, 
-0.490194236755268, 1.14997145216087, 0.158097850143183, -0.114645114435583, 
0.856919152952587, -1.79295376796671, -2.69588003336034, -0.393903367598327, 
-1.59227467597253, -1.61958453519193, 3.08738327906244, -2.04906053695832, 
-1.03990416970529, 1.2457495313747, 0.118909528955042, 0.430465828542167, 
-3.52308198006625, 0.782788365653157, -0.688878678607941, 0.357630265214379, 
-1.82498474569779, -0.474042508241033, 0.709026852547674, -0.540477878165251, 
-3.86081084548259, -0.139483549406509, -1.96330528368291, -0.270499670314481, 
-1.46481470987161, -0.192562795354392, -0.341613556365958, -1.22559249048553, 
-1.14212490806366, 1.15974363829126, -0.148555076046255, -1.71818957608478, 
-1.2134580651751, -0.274421559495001, 2.60433461343367, -2.4431632711724, 
-1.53975198770882, 0.800551764146641, -0.817993389257229, -2.9145950605902, 
-0.0628615758827842, -2.59785662574048, 0.915857274936478, 0.0160508148140471, 
0.191927963071534, -1.57075878320712, 2.91469635811085, -1.70399566551374, 
-0.894626880518959, -0.100832472022017, 0.302146692175944, -3.14704220533924, 
-0.454439359904082, 1.25112892860705, 1.71738577033157, 2.39945344068989, 
-0.35417015834402, -1.88289803216989, 3.4753739211489, -0.83886802144419, 
-2.17306141183306, -2.45565936263504, 0.131966885744907, -0.284070236573515, 
1.30442848564213, 0.710245025645398, 0.506881143325748, -1.48104816153895, 
-1.92544030997008, -0.16683596261283, 2.86478995752587, 5.44159639603618, 
0.82777084527527, -1.03118948656107, -2.99536130429908, -1.88570082948304, 
1.90018927102601, -1.25634322690172, -0.249599292437681, 0.0999594607717735, 
-0.369165735431175, -0.571961557035553, -0.113612923576418, -1.47438210042596, 
-2.20602847274229, -1.31719575249933, -1.84916127326105, 1.63754338461166, 
-0.432325477743435, 0.929669454043633, -0.837233574017874, 0.137659853979768, 
0.560214160586733, 2.50654258536229, -0.137008566903174, -1.10361283207895, 
-0.263218726052649, -2.1912195178584, -0.515082538452713, 1.83745670345793, 
0.176289008808616, -3.4598265978042, 0.379938762459147, 1.47583323555512, 
-1.30143455684548, -0.911363567851693, 1.82277047112228, -0.601296391547796, 
0.992629129430722, 2.88072786137136, -0.959658155337756, 1.35656819845191, 
-1.91219325368332, 0.470168777258762, -0.921632677325733, 2.32491859207479, 
-1.53675204815317, 1.14736892058075, -1.2185230155001, -1.78612351951208, 
-1.16222915891393, 0.968618874543972, -0.897352325328814, 0.292392309063958, 
0.383543363641778, -2.07310121564129, -0.320660574835037, -0.145717114953235, 
-0.658521634942163, -1.40772060063362, -1.80157249317288, -0.388254333137569, 
0.0305486830983809, -0.448342194279199, 1.2487401119385, -0.393842463624374, 
-2.90351647611171, 1.0699538759507, 0.27561104660977, -0.781205464691906, 
-1.30778384300996, -1.22262142007941, 3.69817138572605, 1.00449610154435, 
-0.510982602588063, -1.37223421334408, 0.186830010961977, -0.816284994537852, 
0.00997871514682658, 0.637249578681304, 0.143640147014909, 0.718498967797458, 
1.70772673321177, 3.53357813450433, 2.10101915660921, -0.443415213987441, 
-0.501065410022116, 0.174269848716612, -0.725488069150443, -0.097603975637344, 
-1.57907624774152, -1.49476712793019, -0.0633486785481546, 2.06556409963464, 
-0.99579837914159, -0.317402269729452, -0.386117789867154, 0.340964462080228, 
0.450652831673884, 1.51762429236087, -2.26372839124609, -0.334799417204129, 
1.1059655871611, -1.50269920634104, 4.43527361261605, -1.79497776674503, 
-0.549684685343864, -0.983170362719374, -0.640347010273545, 0.880969621338345, 
2.15142271950658, 1.01444014176415, 1.06084829644771, 0.580795026967971, 
5.861469205593, -1.0609451442404, 6.30188048431999, -0.282557255297807, 
-1.31617170115733, -1.89802847603477, -1.48282051853643, -0.116967351627934, 
0.373601293756945, -0.438611296331564, -1.58287068278002, -0.974558307395488, 
-0.95702535514814, -0.641664041490457, -1.01926765283699, 0.079392244004626, 
0.0411099230563053, -1.29141591755744, 0.339972976655664, 0.568758353800673, 
0.0812136509053574, 0.0530243308107657, -0.242048994978605, -1.68975653342529, 
0.325672915768212, -1.65704724776141, -1.89687306729861, -1.83020082792211, 
2.35590611998877, -0.0472718210274638, 1.21140171505504, 3.0551523372395, 
-0.582768377313493, 1.19402629730832, 3.02082362584931, -0.148630239060748, 
1.80711106819411, -0.36566150601025, 1.30507299502008, -2.81781259272321, 
6.60100505602403, -0.808336261313588, -1.15054124630017, 0.512276241817981, 
-0.65984202480548, 3.03846609758858, -0.00124067354276974, -2.05696996192447, 
2.28319963587948, -0.246750495031431, 1.06665327205587, -1.31544025868463, 
-1.18226277761207, -1.94453186917148, 0.647010336078407, 0.367003193189196, 
-0.16870404804923, -1.22089847218807, 4.50126618798643, -0.480639828674151, 
-1.07033374949859, 0.676429547706384, 1.32194148884874, -1.23601149179053, 
-1.31200737802946, -1.61958274521218, 1.78306849950239, 1.69235471396593, 
0.765198041101007, -0.716862233400856, -0.0327233124252017, -1.55373020661766, 
-0.692347382914304, -0.0984665475964768, -2.29050529968761, 0.460700579701111, 
1.91338292531406, 0.560279353382561, -1.71077247300535, -2.92425703803825, 
-0.0597246817988451, 0.279113423244028, -0.611262970988476, 0.571503490427931, 
-1.06832843501256, -1.09229009438979, -0.106659811884249, 0.508586306606109, 
0.340185411810149, 0.0578709854881793, 0.471144496388324, -1.55281328140407, 
-0.759430842363192, 2.23188915414661, -1.45400802431574, -0.729281649609289, 
0.373376847322349, 11.6332490526714, -0.66676260440947, 5.51606994134059, 
-0.26478917638303, -1.14876830109335, 0.654572567672535, 0.576907112787536, 
-2.27495652850643, -2.64224869655714, -2.22165642547945, -1.61584589634502, 
-1.24011026189889, -0.353354176518191, -1.52133472534573, 0.0561683377187052, 
-1.03598643584649, -0.111773711049194, 1.07422389595909, -0.65236801916866, 
-0.19204105053722, 1.70087352006037, -1.2501331302504, -0.940956235719542, 
0.497245565772681, -0.0642891387862861, 0.510595260967815, -0.909258803814381, 
0.412496708354966, -2.22514631988468, -1.11960265098833, 0.472208083258435, 
-1.32407221800117, 5.31113188543462, -1.133018778513, -1.30763517056299, 
-0.432515560939838, 0.0507171359371161, -2.14072670055699, -2.31575360096387, 
-1.04518604621246, 2.44290046323696, -2.17654337819912, -0.813391977640717, 
-1.50063202702201, 1.02524493621361, -1.77101985835407, 0.544775092033416, 
0.137434912722061, -0.417205313768323, 1.74334549543975, -1.94364266545697, 
-0.00907594313675431, -1.34129493425057, -0.953807917107049, 
-0.159332896599232, -0.706464109393752, -2.15306854951097, 0.0878788850878041, 
0.830573698524794, -0.620393178605582, -0.951888045256378, -1.40288200081418, 
0.83427841894791, -1.08334308587135, -2.07286622021449, -0.0600867711484894, 
-1.47331951552261, -1.46425619898242, 1.79210426969703, -0.646625920123644, 
1.12903133153332, -0.384073010216982, -0.777360645654327, 0.8316223356661, 
1.28624837476689, -1.25949580903249, 0.237185303952917, 2.81130189487109, 
-0.905806795995661, -1.06199337913502, -1.89209873197673, -2.00384565626192, 
-0.399923401700309, -0.314388389767554, -1.56594232014631, -2.02333154824979, 
0.191143521390696, -3.41052460745904, 1.22911388484756, 5.25999045340841, 
3.16596721351253, -1.00375337289995, -0.260782477663664, 1.023725840079, 
0.942202114255271, 0.634648858064292, -0.490861441450797, -0.297392478701259, 
-0.520247210542731, -0.724776307832792, 0.00542478692214998, 
