datibw <-
structure(list(bw = c(2350, 2450, 3300, 1800, 2900, 3500, 2700, 
2950, 4000, 2650, 1450, 3000, 2200, 3680, 3200, 2900, 2000, 2680, 
2450, 3300, 3400, 3400, 2350, 3300, 3650, 3500, 3550, 3000, 2700, 
2650, 4850, 2350, 3100, 1950, 3600, 3100, 3000, 1700, 3100, 2750, 
1700, 1250, 2950, 2050, 3200, 3500, 2600, 2750, 3250, 1750, 1700, 
2600, 3600, 2800, 3000, 3050, 4100, 2900, 2800, 3000, 2650, 2950, 
2050, 2500, 2050, 3100, 2900, 4200, 2200, 2600, 3200, 3100, 2950, 
3200, 2450, 2500, 2450, 2600, 2550, 2050, 2500, 2750, 2500, 2950, 
2850, 2700, 1700, 3300, 2250, 2800, 2750, 1300, 2550, 3800, 2800, 
3150, 1650, 2900, 2100, 1150, 1250, 2500, 2000, 4000, 3550, 1173, 
2900), bpd = c(88, 91, 94, 84, 89, 100, 90, 92, 95, 92, 80, 92, 
86, 96, 95, 91, 87, 88, 92, 92, 94, 88, 89, 95, 94, 96, 93, 91, 
89, 89, 95, 92, 92, 83, 84, 91, 94, 84, 92, 94, 80, 74, 93, 90, 
94, 95, 92, 93, 96, 88, 82, 92, 97, 91, 91, 90, 97, 84, 91, 92, 
92, 94, 81, 84, 80, 94, 93, 97, 82, 93, 93, 92, 92, 94, 92, 90, 
89, 85, 86, 87, 87, 88, 91, 91, 91, 92, 83, 93, 90, 90, 89, 74, 
94, 93, 89, 91, 85, 92, 82, 68, 64, 90, 90, 96, 92, 72, 92), 
    ad = c(92, 98, 110, 89, 97, 110, 110, 100, 98, 98, 78, 100, 
    90, 120, 105, 101, 93, 105, 100, 114, 110, 113, 94, 112, 
    107, 111, 108, 108, 105, 111, 118, 100, 112, 86, 116, 102, 
    101, 85, 109, 108, 90, 94, 108, 92, 106, 102, 105, 105, 102, 
    89, 79, 100, 112, 103, 105, 100, 129, 104, 106, 105, 103, 
    108, 95, 97, 96, 110, 110, 133, 90, 102, 114, 119, 107, 110, 
    100, 95, 96, 98, 106, 90, 105, 99, 98, 100, 105, 102, 90, 
    103, 96, 108, 110, 71, 102, 118, 103, 107, 82, 108, 90, 80, 
    71, 96, 93, 115, 116, 73, 104)), .Names = c("bw", "bpd", 
"ad"), class = "data.frame", row.names = c(NA, -107L))
