"dieta" <-
structure(list(prima = c(64, 71, 64, 69, 76, 53, 52, 72, 79, 
68), dopo = c(61, 72, 63, 67, 72, 49, 54, 72, 74, 66)), .Names = c("prima", 
"dopo"), row.names = c("1", "2", "3", "4", "5", "6", "7", "8", 
"9", "10"), class = "data.frame")
