"elettro" <-
structure(list(tipo = c(1, 1, 1, 1, 1, 1, 1, 1, 1, 1, 1, 1, 1, 
1, 1, 1, 1, 1, 1, 1, 1, 1, 1, 1, 1, 1, 1, 1, 1, 1, 1, 1, 1, 1, 
1, 1, 1, 1, 1, 1, 1, 1, 1, 1, 1, 1, 1, 1, 1, 1, 2, 2, 2, 2, 2, 
2, 2, 2, 2, 2, 2, 2, 2, 2, 2, 2, 2, 2, 2, 2, 2, 2, 2, 2, 2, 2, 
2, 2, 2, 2, 2, 2, 2, 2, 2, 2, 2, 2, 2, 2, 2, 2, 2, 2, 2, 2, 2, 
2, 2, 2), x1 = c(40, 39, 40, 39, 40, 45, 42, 44, 42, 40, 40, 
40, 38, 42, 40, 40, 42, 40, 39, 39, 40, 39, 39, 40, 40, 43, 40, 
40, 40, 40, 42, 41, 39, 42, 42, 40, 40, 39, 38, 40, 44, 40, 38, 
38, 39, 40, 40, 42, 40, 42, 44, 43, 44, 42, 42, 43, 43, 45, 45, 
43, 43, 43, 44, 43, 43, 44, 43, 44, 43, 43, 43, 42, 43, 44, 43, 
44, 44, 44, 44, 46, 42, 43, 42, 43, 42, 44, 43, 43, 43, 44, 44, 
43, 43, 43, 42, 43, 45, 43, 44, 43), x2 = c(58, 59, 58, 59, 60, 
60, 64, 59, 66, 60, 61, 58, 59, 59, 61, 59, 58, 59, 60, 60, 58, 
59, 60, 59, 59, 60, 59, 59, 60, 58, 63, 59, 58, 60, 59, 58, 59, 
60, 59, 60, 60, 58, 60, 58, 59, 60, 60, 62, 59, 58, 58, 58, 57, 
59, 60, 56, 57, 60, 59, 58, 59, 59, 57, 58, 58, 60, 58, 58, 58, 
58, 58, 59, 58, 59, 59, 57, 60, 58, 60, 61, 58, 60, 59, 58, 57, 
60, 58, 59, 60, 59, 58, 60, 59, 58, 58, 60, 60, 57, 60, 58), 
    x3 = c(31, 33, 35, 31, 36, 45, 39, 41, 48, 35, 40, 38, 39, 
    32, 45, 45, 38, 37, 35, 37, 35, 34, 37, 42, 37, 35, 29, 37, 
    37, 42, 48, 37, 31, 43, 37, 35, 35, 35, 30, 38, 36, 34, 31, 
    29, 35, 37, 37, 37, 35, 35, 32, 25, 30, 36, 38, 38, 26, 27, 
    33, 29, 39, 35, 37, 29, 27, 39, 35, 38, 36, 29, 29, 43, 26, 
    22, 36, 33, 25, 22, 36, 39, 36, 20, 27, 28, 41, 28, 45, 35, 
    29, 22, 46, 28, 38, 47, 24, 35, 28, 38, 31, 22), x4 = c(44, 
    40, 46, 47, 41, 45, 38, 40, 20, 40, 41, 45, 46, 36, 45, 52, 
    51, 44, 49, 46, 39, 41, 39, 43, 46, 38, 41, 41, 46, 45, 47, 
    49, 47, 49, 53, 40, 48, 46, 47, 48, 44, 41, 49, 46, 43, 45, 
    44, 35, 44, 43, 25, 19, 24, 20, 29, 32, 18, 27, 18, 26, 22, 
    29, 19, 20, 8, 15, 13, 19, 19, 19, 21, 26, 20, 17, 25, 11, 
    10, 16, 18, 14, 27, 19, 23, 12, 24, 20, 25, 21, 2, 11, 25, 
    9, 29, 24, 19, 22, 18, 23, 22, 20), x5 = c(64, 60, 59, 58, 
    56, 58, 63, 60, 61, 58, 58, 60, 58, 61, 59, 59, 59, 60, 59, 
    56, 58, 60, 59, 57, 60, 62, 60, 59, 60, 61, 64, 60, 60, 61, 
    62, 59, 58, 59, 57, 62, 60, 58, 60, 60, 56, 59, 61, 60, 58, 
    61, 57, 60, 59, 59, 59, 58, 59, 59, 60, 59, 58, 59, 58, 58, 
    58, 60, 58, 58, 58, 60, 58, 58, 58, 59, 59, 59, 59, 59, 57, 
    59, 57, 60, 59, 58, 58, 60, 59, 59, 60, 59, 58, 60, 59, 57, 
    59, 58, 60, 60, 58, 57)), .Names = c("tipo", "x1", "x2", 
"x3", "x4", "x5"), class = "data.frame", row.names = c("1", "2", 
"3", "4", "5", "6", "7", "8", "9", "10", "11", "12", "13", "14", 
"15", "16", "17", "18", "19", "20", "21", "22", "23", "24", "25", 
"26", "27", "28", "29", "30", "31", "32", "33", "34", "35", "36", 
"37", "38", "39", "40", "41", "42", "43", "44", "45", "46", "47", 
"48", "49", "50", "51", "52", "53", "54", "55", "56", "57", "58", 
"59", "60", "61", "62", "63", "64", "65", "66", "67", "68", "69", 
"70", "71", "72", "73", "74", "75", "76", "77", "78", "79", "80", 
"81", "82", "83", "84", "85", "86", "87", "88", "89", "90", "91", 
"92", "93", "94", "95", "96", "97", "98", "99", "100"))
