"etacol" <-
structure(list(eta = c(46, 52, 39, 65, 54, 33, 49, 76, 71, 41, 
58, 18, 44, 33, 78, 51, 43, 44, 58, 63, 19, 42, 30, 47, 58, 70, 
67, 31, 21, 56), col = c(181, 228, 182, 249, 259, 201, 121, 339, 
224, 112, 189, 137, 173, 177, 241, 225, 223, 190, 257, 337, 189, 
214, 140, 196, 262, 261, 356, 159, 191, 197), reg = structure(c(1, 
1, 1, 1, 1, 1, 1, 1, 1, 1, 1, 2, 2, 2, 2, 2, 2, 2, 2, 2, 2, 2, 
2, 2, 2, 2, 2, 2, 2, 2), .Label = c("1", "2"), class = "factor")), .Names = c("eta", 
"col", "reg"), row.names = c("1", "2", "3", "4", "5", "6", "7", 
"8", "9", "10", "11", "12", "13", "14", "15", "16", "17", "18", 
"19", "20", "21", "22", "23", "24", "25", "26", "27", "28", "29", 
"30"), class = "data.frame")
