"florida" <-
structure(list(Bush = c(34062, 5610, 38637, 5413, 115185, 177279, 
2873, 35419, 29744, 41745, 60426, 10964, 289456, 4256, 2698, 
152082, 73029, 12608, 2448, 4750, 3300, 1840, 3546, 2153, 3764, 
4743, 30646, 20196, 176967, 4985, 28627, 9138, 2481, 1669, 49963, 
106141, 39053, 6860, 1316, 3038, 57948, 55135, 33864, 16059, 
16404, 52043, 5058, 134476, 26216, 152846, 68581, 184312, 90101, 
13439, 39497, 34705, 36248, 83100, 75293, 12126, 8014, 4051, 
2326, 82214, 4511, 12176, 4983), Buchanan = c(262, 73, 248, 65, 
570, 789, 90, 182, 270, 186, 122, 89, 561, 36, 29, 650, 504, 
83, 33, 39, 29, 9, 71, 24, 30, 22, 242, 99, 836, 76, 105, 102, 
29, 10, 289, 305, 282, 67, 39, 29, 272, 563, 108, 47, 90, 267, 
43, 446, 145, 3407, 570, 1010, 538, 147, 229, 124, 311, 305, 
194, 114, 108, 27, 26, 396, 46, 120, 88)), .Names = c("Bush", 
"Buchanan"), row.names = c("1", "2", "3", "4", "5", "6", "7", 
"8", "9", "10", "11", "12", "13", "14", "15", "16", "17", "18", 
"19", "20", "21", "22", "23", "24", "25", "26", "27", "28", "29", 
"30", "31", "32", "33", "34", "35", "36", "37", "38", "39", "40", 
"41", "42", "43", "44", "45", "46", "47", "48", "49", "50", "51", 
"52", "53", "54", "55", "56", "57", "58", "59", "60", "61", "62", 
"63", "64", "65", "66", "67"), class = "data.frame")
