"fowl" <-
structure(c(1, 0.584, 0.615, 0.601, 0.57, 0.6, 0.584, 1, 0.576, 
0.53, 0.526, 0.555, 0.615, 0.576, 1, 0.94, 0.875, 0.878, 0.601, 
0.53, 0.94, 1, 0.877, 0.886, 0.57, 0.526, 0.875, 0.877, 1, 0.924, 
0.6, 0.555, 0.878, 0.886, 0.924, 1), .Dim = c(6, 6))
