"frets" <-
structure(list(len1 = c(191, 195, 181, 183, 176, 208, 189, 197, 
188, 192, 179, 183, 174, 190, 188, 163, 195, 186, 181, 175, 192, 
174, 176, 197, 190), bre1 = c(155, 149, 148, 153, 144, 157, 150, 
159, 152, 150, 158, 147, 150, 159, 151, 137, 155, 153, 145, 140, 
154, 143, 139, 167, 163), len2 = c(179, 201, 185, 188, 171, 192, 
190, 189, 197, 187, 186, 174, 185, 195, 187, 161, 183, 173, 182, 
165, 185, 178, 176, 200, 187), bre2 = c(145, 152, 149, 149, 142, 
152, 149, 152, 159, 151, 148, 147, 152, 157, 158, 130, 158, 148, 
146, 137, 152, 147, 143, 158, 150)), .Names = c("len1", "bre1", 
"len2", "bre2"), row.names = c("1", "2", "3", "4", "5", "6", 
"7", "8", "9", "10", "11", "12", "13", "14", "15", "16", "17", 
"18", "19", "20", "21", "22", "23", "24", "25"), class = "data.frame")
