"gasolio" <-
structure(list(y = c(14.96, 14.1, 23.76, 13.2, 18.6, 16.79, 21.83, 
16.25, 20.98, 16.88), temp = c(-3, -1.8, -10, 0.7, -5.1, -6.3, 
-15.5, -4.2, -8.8, -2.3), v = c(15.3, 16.4, 41.2, 9.7, 19.3, 
11.4, 5.9, 24.3, 14.7, 16.1)), .Names = c("y", "temp", "v"), row.names = c("1", 
"2", "3", "4", "5", "6", "7", "8", "9", "10"), class = "data.frame")
