"gesto" <-
structure(list(iper = c(0, 0, 0, 0, 1, 1, 1, 1), prot = c(0, 
0, 1, 1, 0, 0, 1, 1), edema = c(0, 1, 0, 1, 0, 1, 0, 1), Freq = c(2342, 
609, 44, 26, 45, 36, 9, 14)), .Names = c("iper", "prot", "edema", 
"Freq"), row.names = c("1", "2", "3", "4", "5", "6", "7", "8"
), class = "data.frame")
