"heart" <-
structure(list(age = c(38, 40, 50, 53, 45, 45, 51, 42, 42, 42, 
50, 46, 47, 52, 53, 27, 50, 28, 33, 46, 43, 44, 56, 55, 48, 49, 
54, 39, 49, 34, 43, 33, 49, 46, 41, 56, 55, 53, 43, 49, 55, 39, 
46, 52, 28, 49, 41, 56, 39, 16, 17, 56, 45, 49, 45, 40, 47, 45, 
53, 49, 49, 42, 50, 51, 14, 54, 41, 54, 54, 45, 48, 42, 14, 45, 
23, 48, 43, 12, 47, 54, 56, 53, 24, 26, 39, 50, 51, 50, 59, 41, 
30, 48, 39, 40, 42, 36, 56, 49, 15, 52, 60, 56, 38, 45, 52, 49, 
34, 65, 47, 46, 57, 59, 54, 7, 36, 46, 40, 52, 35, 54, 40, 17, 
52, 14, 47, 63, 54, 43, 28, 50, 55, 42, 22, 38, 46, 26, 23, 58, 
24, 30), path = c(3, 2, 1, 1, 3, 1, 1, 1, 2, 2, 1, 1, 1, 1, 1, 
2, 1, 3, 1, 2, 1, 1, 1, 2, 3, 2, 1, 1, 2, 1, 2, 3, 1, 1, 3, 1, 
1, 1, 2, 1, 2, 1, 1, 2, 2, 2, 1, 1, 2, 2, 2, 1, 1, 1, 1, 2, 1, 
1, 1, 2, 2, 1, 1, 1, 2, 1, 1, 1, 1, 2, 1, 1, 3, 1, 2, 1, 1, 2, 
1, 3, 2, 1, 2, 3, 2, 1, 2, 1, 1, 1, 2, 2, 1, 2, 1, 2, 1, 1, 2, 
2, 2, 1, 1, 2, 1, 1, 1, 2, 3, 1, 2, 1, 1, 2, 2, 1, 1, 1, 2, 1, 
2, 3, 1, 2, 2, 1, 2, 1, 2, 1, 1, 1, 2, 2, 2, 2, 2, 1, 2, 2), 
    year = c(1, 1, 1, 1, 1, 1, 1, 1, 1, 1, 1, 1, 1, 1, 1, 1, 
    1, 1, 1, 1, 1, 1, 1, 1, 1, 1, 1, 1, 2, 2, 2, 2, 2, 2, 2, 
    2, 2, 2, 2, 2, 2, 2, 2, 2, 2, 2, 2, 2, 2, 2, 2, 2, 2, 2, 
    2, 2, 2, 2, 2, 2, 2, 2, 2, 2, 2, 2, 2, 2, 2, 2, 2, 2, 2, 
    2, 2, 2, 3, 2, 2, 2, 2, 2, 2, 2, 2, 2, 2, 2, 3, 3, 3, 3, 
    3, 3, 3, 3, 3, 3, 3, 3, 3, 3, 3, 3, 3, 3, 3, 3, 3, 3, 3, 
    3, 3, 3, 3, 3, 3, 3, 3, 3, 3, 3, 3, 3, 3, 3, 3, 3, 3, 3, 
    3, 3, 3, 3, 3, 3, 3, 3, 3, 3), crea = c(273, 237, 290, 321, 
    146, 425, 331, 273, 255, 176, 184, 181, 184, 181, 232, 217, 
    123, 107, 188, 323, 194, 119, 187, 259, 174, 262, 181, 89, 
    173, 241, 250, 343, 225, 203, 147, 141, 177, 119, 133, 91, 
    107, 132, 147, 340, 141, 70, 130, 188, 550, 89, 95, 117, 
    193, 141, 259, 280, 154, 99, 198, 278, 117, 131, 117, 119, 
    87, 98, 123, 244, 170, 230, 117, 134, 63, 213, 60, 132, 185, 
    69, 65, 112, 92, 107, 111, 98, 77, 91, 106, 118, 210, 119, 
    124, 110, 97, 163, 103, 97, 155, 225, 101, 141, 281, 143, 
    110, 68, 95, 194, 101, 85, 341, 94, 108, 318, 240, 112, 64, 
    167, 51, 105, 102, 61, 143, 59, 94, 42, 71, 176, 118, 118, 
    124, 234, 159, 309, 197, 117, 143, 146, 89, 190, 132, 280
    ), cyclo = c(16.6, 7.3, 6.3, 10.5, 16.4, 13.1, 15.2, 12.4, 
    15.7, 15, 13, 13, 16.6, 5.8, 3.2, 17.4, 16.4, 12, 17.7, 4.5, 
    13.2, 15.4, 10.5, 16.7, 20.8, 11.1, 4.8, 19.7, 15.8, 9.9, 
    4.7, 7.7, 14.3, 18.1, 11.4, 6.4, 13, 17, 11.5, 15.7, 14.2, 
    13, 16, 5.5, 16, 15, 15.2, 12, 11, 10.5, 9.1, 6.8, 7.1, 12.8, 
    6.1, 3.1, 11.3, 13.7, 10.3, 9.8, 11.6, 15.7, 12.3, 13.7, 
    9.5, 10.4, 14.7, 7.7, 11.9, 10.4, 15.2, 15, 13.6, 4.3, 5.5, 
    10.1, 7.5, 13.1, 10.1, 8.9, 9.2, 9.9, 11.4, 3.8, 8.3, 10.9, 
    6.6, 10, 3.8, 10.5, 2.9, 7.3, 8.6, 10.2, 10.3, 5.2, 9.6, 
    3.8, 13.4, 6.8, 7.6, 14.3, 9.8, 10.7, 8, 6.9, 10.5, 9.5, 
    2, 7.2, 9.3, 1.9, 5.8, 10, 12.2, 9.4, 8.9, 8, 11.2, 11.4, 
    12.7, 11, 10.4, 16.3, 11.4, 4.7, 4, 8.3, 6.2, 5, 4.1, 4.9, 
    9.3, 15.1, 9.4, 8.2, 4.2, 4.5, 2.7, 8.2)), .Names = c("age", 
"path", "year", "crea", "cyclo"), class = "data.frame", row.names = c("1", 
"2", "3", "4", "5", "6", "7", "8", "9", "10", "11", "12", "13", 
"14", "15", "16", "17", "18", "19", "20", "21", "22", "23", "24", 
"25", "26", "27", "28", "29", "30", "31", "32", "33", "34", "35", 
"36", "37", "38", "39", "40", "41", "42", "43", "44", "45", "46", 
"47", "48", "49", "50", "51", "52", "53", "54", "55", "56", "57", 
"58", "59", "60", "61", "62", "63", "64", "65", "66", "67", "68", 
"69", "70", "71", "72", "73", "74", "75", "76", "77", "78", "79", 
"80", "81", "82", "83", "84", "85", "86", "87", "88", "89", "90", 
"91", "92", "93", "94", "95", "96", "97", "98", "99", "100", 
"101", "102", "103", "104", "105", "106", "107", "108", "109", 
"110", "111", "112", "113", "114", "115", "116", "117", "118", 
"119", "120", "121", "122", "123", "124", "125", "126", "127", 
"128", "129", "130", "131", "132", "133", "134", "135", "136", 
"137", "138", "139", "140"))
