"heinen" <-
structure(list(A = structure(c(1, 2, 1, 2, 1, 2, 1, 2, 1, 2, 
1, 2, 1, 2, 1, 2, 1, 2, 1, 2, 1, 2, 1, 2), .Label = c("<30", 
"30+"), class = "factor"), B = structure(c(1, 1, 2, 2, 1, 1, 
2, 2, 1, 1, 2, 2, 1, 1, 2, 2, 1, 1, 2, 2, 1, 1, 2, 2), .Label = c("y", 
"n"), class = "factor"), C = structure(c(1, 1, 1, 1, 2, 2, 2, 
2, 3, 3, 3, 3, 1, 1, 1, 1, 2, 2, 2, 2, 3, 3, 3, 3), .Label = c("1", 
"2", "3"), class = "factor"), D = structure(c(1, 1, 1, 1, 1, 
1, 1, 1, 1, 1, 1, 1, 2, 2, 2, 2, 2, 2, 2, 2, 2, 2, 2, 2), .Label = c("y", 
"n"), class = "factor"), Freq = c(15, 35, 18, 21, 30, 58, 51, 
40, 50, 127, 31, 30, 16, 9, 50, 47, 5, 3, 14, 4, 27, 20, 29, 
20)), .Names = c("A", "B", "C", "D", "Freq"), row.names = c("1", 
"2", "3", "4", "5", "6", "7", "8", "9", "10", "11", "12", "13", 
"14", "15", "16", "17", "18", "19", "20", "21", "22", "23", "24"
), class = "data.frame")
