"home" <-
structure(list(y = c(4, 2, 4, 6, 5, 13, 25, 27, 75, 29, 32, 36, 
115, 31, 28, 9, 15, 3, 1, 2, 3, 4, 1, 6, 10, 14, 17, 26, 91, 
30, 55, 50, 190, 17, 18, 7, 13, 3, 0, 1, 2), ny = c(2, 0, 0, 
3, 5, 7, 9, 15, 49, 29, 45, 59, 245, 70, 79, 23, 110, 29, 28, 
13, 20, 2, 0, 1, 0, 7, 5, 16, 36, 35, 67, 62, 403, 92, 81, 34, 
115, 28, 21, 2, 4), edu = c(0, 1, 2, 3, 4, 5, 6, 7, 8, 9, 10, 
11, 12, 13, 14, 15, 16, 17, 18, 19, 20, 0, 1, 3, 4, 5, 6, 7, 
8, 9, 10, 11, 12, 13, 14, 15, 16, 17, 18, 19, 20), sex = structure(c(1, 
1, 1, 1, 1, 1, 1, 1, 1, 1, 1, 1, 1, 1, 1, 1, 1, 1, 1, 1, 1, 2, 
2, 2, 2, 2, 2, 2, 2, 2, 2, 2, 2, 2, 2, 2, 2, 2, 2, 2, 2), .Label = c("1", 
"2"), class = "factor")), .Names = c("y", "ny", "edu", "sex"), row.names = c("1", 
"2", "3", "4", "5", "6", "7", "8", "9", "10", "11", "12", "13", 
"14", "15", "16", "17", "18", "19", "20", "21", "22", "23", "24", 
"25", "26", "27", "28", "29", "30", "31", "32", "33", "34", "35", 
"36", "37", "38", "39", "40", "41"), class = "data.frame")
