"infarti" <-
structure(list(n = c(2, 12, 28, 28, 31, 32, 104, 206, 186, 102
), anni = c(18793, 10673, 5710, 2585, 1462, 52407, 43248, 28612, 
12663, 5317), eta = c(40, 50, 60, 70, 80, 40, 50, 60, 70, 80), 
    fumo = structure(c(1, 1, 1, 1, 1, 2, 2, 2, 2, 2), .Label = c("1", 
    "2"), class = "factor")), .Names = c("n", "anni", "eta", 
"fumo"), row.names = c("1", "2", "3", "4", "5", "6", "7", "8", 
"9", "10"), class = "data.frame")
