"jevons" <-
structure(list(x = c(1, 2, 3, 4, 5), n = c(123, 78, 32, 17, 24
), y = c(7.9725, 7.9503, 7.9276, 7.8962, 7.873)), .Names = c("x", 
"n", "y"), class = "data.frame", row.names = c("1", "2", "3", 
"4", "5"))
