"kerchoff" <-
structure(c(1, 0.651, 0.478, 0.335, -0.153, 0.303, 0.331, 0.651, 
1, 0.597, 0.489, -0.213, 0.446, 0.41, 0.478, 0.597, 1, 0.572, 
-0.105, 0.294, 0.248, 0.335, 0.489, 0.572, 1, -0.1, 0.277, 0.25, 
-0.153, -0.213, -0.105, -0.1, 1, -0.152, -0.108, 0.303, 0.446, 
0.294, 0.277, -0.152, 1, 0.611, 0.331, 0.41, 0.248, 0.25, -0.108, 
0.611, 1), .Dim = c(7, 7), .Dimnames = list(c("lavA", "istrA", 
"voto", "intell", "frat", "lavP", "istrP"), c("lavA", "istrA", 
"voto", "intell", "frat", "lavP", "istrP")))
