"klein1" <-
structure(list(SBP = c(135, 122, 130, 148, 146, 129, 162, 160, 
144, 180, 166, 138, 152, 138, 140, 134, 145, 142, 135, 142, 150, 
144, 137, 132, 149, 132, 120, 126, 161, 170, 152, 164), QUET = c(2.876, 
3.251, 3.1, 3.768, 2.979, 2.79, 3.668, 3.612, 2.368, 4.637, 3.877, 
4.032, 4.116, 3.673, 3.562, 2.998, 3.36, 3.024, 3.171, 3.401, 
3.628, 3.751, 3.296, 3.21, 3.301, 3.017, 2.789, 2.956, 3.8, 4.132, 
3.962, 4.01), AGE = c(45, 41, 49, 52, 54, 47, 60, 48, 44, 64, 
59, 51, 64, 56, 54, 50, 49, 46, 57, 56, 56, 58, 53, 50, 54, 48, 
43, 43, 63, 63, 62, 65), SMK = c(0, 0, 0, 0, 1, 1, 1, 1, 1, 1, 
1, 1, 0, 0, 1, 1, 1, 1, 0, 0, 1, 0, 0, 0, 1, 1, 0, 1, 0, 1, 0, 
0)), .Names = c("SBP", "QUET", "AGE", "SMK"), row.names = c("1", 
"2", "3", "4", "5", "6", "7", "8", "9", "10", "11", "12", "13", 
"14", "15", "16", "17", "18", "19", "20", "21", "22", "23", "24", 
"25", "26", "27", "28", "29", "30", "31", "32"), class = "data.frame")
