"lakemary" <-
structure(list(age = c(1, 1, 2, 2, 2, 2, 3, 3, 3, 3, 3, 3, 3, 
3, 3, 2, 3, 4, 4, 4, 4, 4, 4, 4, 4, 4, 4, 4, 4, 4, 4, 4, 4, 4, 
4, 4, 4, 5, 4, 4, 4, 5, 2, 2, 4, 3, 4, 3, 4, 4, 4, 4, 3, 3, 3, 
4, 4, 3, 4, 5, 4, 5, 4, 4, 3, 5, 5, 4, 5, 3, 4, 3, 4, 6, 4, 5, 
4, 4), length = c(67, 62, 109, 83, 91, 88, 137, 131, 122, 122, 
118, 115, 131, 143, 142, 123, 122, 138, 135, 146, 146, 145, 145, 
144, 140, 150, 152, 157, 155, 153, 154, 158, 162, 161, 162, 165, 
171, 171, 162, 169, 167, 188, 100, 109, 150, 140, 170, 150, 140, 
140, 150, 150, 140, 150, 150, 150, 160, 140, 150, 170, 150, 150, 
150, 150, 150, 150, 160, 140, 160, 130, 160, 130, 170, 170, 160, 
180, 160, 170)), .Names = c("age", "length"), class = "data.frame", row.names = c("1", 
"2", "3", "4", "5", "6", "7", "8", "9", "10", "11", "12", "13", 
"14", "15", "16", "17", "18", "19", "20", "21", "22", "23", "24", 
"25", "26", "27", "28", "29", "30", "31", "32", "33", "34", "35", 
"36", "37", "38", "39", "40", "41", "42", "43", "44", "45", "46", 
"47", "48", "49", "50", "51", "52", "53", "54", "55", "56", "57", 
"58", "59", "60", "61", "62", "63", "64", "65", "66", "67", "68", 
"69", "70", "71", "72", "73", "74", "75", "76", "77", "78"))
