"leuk" <-
structure(list(wbc = c(2300, 750, 4300, 2600, 6000, 10500, 10000, 
17000, 5400, 7000, 9400, 32000, 35000, 1e+05, 1e+05, 52000, 1e+05, 
4400, 3000, 4000, 1500, 9000, 5300, 10000, 19000, 27000, 28000, 
31000, 26000, 21000, 79000, 1e+05, 1e+05), ag = structure(c(2, 
2, 2, 2, 2, 2, 2, 2, 2, 2, 2, 2, 2, 2, 2, 2, 2, 1, 1, 1, 1, 1, 
1, 1, 1, 1, 1, 1, 1, 1, 1, 1, 1), .Label = c("absent", "present"
), class = "factor"), time = c(65, 156, 100, 134, 16, 108, 121, 
4, 39, 143, 56, 26, 22, 1, 1, 5, 65, 56, 65, 17, 7, 16, 22, 3, 
4, 2, 3, 8, 4, 3, 30, 4, 43)), .Names = c("wbc", "ag", "time"
), row.names = c("1", "2", "3", "4", "5", "6", "7", "8", "9", 
"10", "11", "12", "13", "14", "15", "16", "17", "18", "19", "20", 
"21", "22", "23", "24", "25", "26", "27", "28", "29", "30", "31", 
"32", "33"), class = "data.frame")
