"lung2" <-
structure(list(yes = c(3, 0, 2, 25, 0, 3, 0, 1, 3, 2, 2, 3, 0, 
0, 0, 6, 1, 1, 0, 1, 2, 1, 3, 4, 8, 1, 1, 8, 0, 0, 1, 2, 0, 0, 
2, 1, 0, 1, 0, 0, 1, 0, 0, 31, 1, 12, 10, 0, 0, 0, 3, 3, 0, 0, 
5, 0, 3, 3, 0, 0, 0, 3, 2, 0, 0), no = c(37, 74, 258, 139, 88, 
242, 5, 93, 180, 22, 145, 260, 16, 35, 134, 75, 47, 122, 4, 54, 
169, 24, 142, 301, 21, 50, 187, 30, 5, 33, 33, 94, 4, 3, 8, 16, 
58, 9, 7, 30, 90, 4, 4, 77, 141, 495, 31, 1, 45, 1, 91, 176, 
1, 2, 47, 39, 182, 15, 1, 23, 2, 187, 340, 2, 3), polvere = c(1, 
2, 3, 1, 2, 3, 1, 2, 3, 1, 2, 3, 1, 2, 3, 1, 2, 3, 1, 2, 3, 1, 
2, 3, 1, 2, 3, 1, 2, 3, 2, 3, 2, 3, 1, 2, 3, 1, 3, 2, 3, 2, 3, 
1, 2, 3, 1, 2, 3, 1, 2, 3, 1, 3, 1, 2, 3, 1, 2, 3, 1, 2, 3, 2, 
3), razza = c(1, 1, 1, 2, 2, 2, 1, 1, 1, 2, 2, 2, 1, 1, 1, 2, 
2, 2, 1, 1, 1, 2, 2, 2, 1, 1, 1, 2, 2, 2, 1, 1, 2, 2, 1, 1, 1, 
2, 2, 1, 1, 2, 2, 1, 1, 1, 2, 2, 2, 1, 1, 1, 2, 2, 1, 1, 1, 2, 
2, 2, 1, 1, 1, 2, 2), sesso = c(1, 1, 1, 1, 1, 1, 2, 2, 2, 2, 
2, 2, 1, 1, 1, 1, 1, 1, 2, 2, 2, 2, 2, 2, 1, 1, 1, 1, 1, 1, 2, 
2, 2, 2, 1, 1, 1, 1, 1, 2, 2, 2, 2, 1, 1, 1, 1, 1, 1, 2, 2, 2, 
2, 2, 1, 1, 1, 1, 1, 1, 2, 2, 2, 2, 2), fumo = c(1, 1, 1, 1, 
1, 1, 1, 1, 1, 1, 1, 1, 2, 2, 2, 2, 2, 2, 2, 2, 2, 2, 2, 2, 1, 
1, 1, 1, 1, 1, 1, 1, 1, 1, 2, 2, 2, 2, 2, 2, 2, 2, 2, 1, 1, 1, 
1, 1, 1, 1, 1, 1, 1, 1, 2, 2, 2, 2, 2, 2, 2, 2, 2, 2, 2), durata = c(1, 
1, 1, 1, 1, 1, 1, 1, 1, 1, 1, 1, 1, 1, 1, 1, 1, 1, 1, 1, 1, 1, 
1, 1, 2, 2, 2, 2, 2, 2, 2, 2, 2, 2, 2, 2, 2, 2, 2, 2, 2, 2, 2, 
3, 3, 3, 3, 3, 3, 3, 3, 3, 3, 3, 3, 3, 3, 3, 3, 3, 3, 3, 3, 3, 
3)), .Names = c("yes", "no", "polvere", "razza", "sesso", "fumo", 
"durata"), row.names = c("1", "2", "3", "4", "5", "6", "7", "8", 
"9", "10", "11", "12", "13", "14", "15", "16", "17", "18", "19", 
"20", "21", "22", "23", "24", "25", "26", "27", "28", "29", "30", 
"32", "33", "35", "36", "37", "38", "39", "40", "42", "44", "45", 
"47", "48", "49", "50", "51", "52", "53", "54", "55", "56", "57", 
"58", "60", "61", "62", "63", "64", "65", "66", "67", "68", "69", 
"71", "72"), class = "data.frame")
