"masks" <-
structure(list(MFB = c(113.2, 117.6, 112.3, 116.2, 112.9, 104.2, 
110.7, 105, 115.9, 96.8, 110.7, 108.4, 104.1, 107.9, 106.4, 112.7, 
109.9, 116.6, 109.9, 107.1, 113.3, 108.1, 111.5, 115.7, 112.2, 
118.7, 118.9, 114.2, 113.8, 122.4, 110.4, 114.9, 108.4, 105.3, 
110.5, 110.3, 115.1, 119.6, 119.7, 110.2, 118.9, 112.3, 113.7, 
108.1, 105.6, 111.1, 111.3, 119.4, 113.4, 114.7, 115.1, 114.6, 
115.2, 115.4, 119.3, 112.8, 116.6, 106.5, 112.1, 112.8, 114.6, 
110.9, 109.1, 111.7, 106.4, 121.2, 115.2, 123.2, 113.1, 110.3, 
115, 111.9, 117.2, 113.8, 112.8, 113.3, 123.9, 119.8, 110.9, 
111.9, 114, 113.6, 118.9, 119.4, 121, 109, 117.9, 124.8, 120.6, 
115.6, 116.6, 118.7, 114.3, 110.9, 119.2, 117.1, 109.3, 108.8, 
109, 101.2, 117.8, 112.4, 105.3, 117.7, 110.9, 115.6, 115.4, 
113.6, 116.1, 120.5, 119, 122.7, 117.8, 122.3, 114.4, 110.6, 
123.3, 118, 122, 113.4, 117, 116.6, 120.1, 119.8, 123.5, 114.9, 
120.6, 113, 111.8, 110.8, 114.8, 122.5, 105.9, 108, 114.4, 117.9, 
110.7, 112.3, 110.9, 126.6, 116.2, 117.2, 114.5, 126.2, 118.7, 
116.2, 113.9, 114.4, 114.5, 113.3, 120.7, 119.1, 113.2, 113.7, 
116.3, 117.6, 114.8, 127.3, 130.5, 110.4, 108.5, 121.6, 117.9, 
112.7, 121.8, 118.5, 118.3, 117.9, 114.2, 122.4, 114.1, 114.6, 
113.6, 111.3, 111.4, 119.9, 116.1, 119.7, 105.8, 116.7, 106.4, 
112.2, 114.8, 110, 121.5, 119.8, 107.7, 118.4, 119.8, 114.1, 
117.7, 111.1, 111.1, 128.1, 120.4, 112.9, 118.2, 119, 111.8, 
116.6), BAM = c(111.7, 117.3, 124.7, 110.5, 111.3, 114.3, 116.9, 
119.2, 118.5, 108.4, 117.5, 113.7, 116, 115.2, 109, 118, 105.2, 
119.5, 113.5, 110.7, 117.8, 116.3, 111.1, 117.3, 120.6, 122.9, 
118.4, 109.4, 113.6, 117.2, 110.8, 108.6, 118.7, 107.2, 124.9, 
113.2, 116.4, 120.2, 125.2, 116.8, 126.6, 114.7, 111.4, 116.4, 
111.4, 111.9, 117.6, 114.6, 120.5, 113.8, 113.9, 112.4, 117.2, 
119.5, 120.6, 119.3, 109.6, 116, 117.4, 113, 119, 116.5, 117, 
117.3, 111.1, 122.5, 121.2, 124.2, 114.5, 108.9, 114.7, 111.1, 
117.5, 112.5, 113.5, 118.4, 120.5, 119.6, 113.9, 125.1, 120.8, 
110.4, 126.1, 127.8, 121.1, 105.7, 125.1, 123.8, 124.3, 115.9, 
119.1, 118.9, 117.1, 113.1, 120, 123.7, 110.2, 119.3, 127.5, 
110.6, 109, 115.6, 109.8, 122.4, 113.7, 117.5, 118.1, 116.7, 
117.6, 115.4, 124.1, 109, 108.2, 114.2, 117.8, 111.8, 119.1, 
118, 114.6, 104.1, 111.3, 108.3, 116.7, 125, 123, 126.7, 110.8, 
114.8, 110.2, 114.9, 118.8, 122.3, 105.6, 111.3, 111.7, 112.9, 
113.9, 110.4, 110, 127, 115.2, 117.8, 113.2, 118.7, 123.1, 111.5, 
100.6, 113.7, 119.3, 115.9, 114.6, 115.3, 107.7, 110, 119.3, 
117.8, 115, 123.9, 125.5, 105.4, 105.4, 112.1, 115.2, 111.5, 
119, 120, 120, 114.4, 110, 122.7, 109.3, 118, 114.6, 116.7, 120.4, 
114.4, 118.9, 118.2, 106.7, 118.7, 107.3, 121.3, 117.3, 117.4, 
121.6, 119.4, 108.4, 115.7, 113.9, 112.8, 121.8, 117.7, 117.7, 
118.3, 118.7, 112, 114.4, 112.7, 116, 111.4), TFH = c(119.6, 
121.2, 131.6, 114.2, 114.3, 116.5, 128.5, 121.1, 120.4, 109.5, 
115.4, 122.2, 124.3, 129.4, 114.9, 117.4, 122.2, 130.6, 125.7, 
121.7, 120.7, 123.9, 127.1, 123, 119.6, 126.7, 127.7, 119.3, 
135.8, 122.2, 122.1, 122.9, 117.8, 116, 122.4, 123.9, 118.1, 
120, 124.5, 120.6, 128.2, 127.7, 122.6, 115.5, 121.8, 125.2, 
129.3, 125, 121.1, 137.7, 118.6, 122.2, 122.2, 132.8, 116.6, 
129.6, 125.4, 123.2, 128.2, 125.4, 116.8, 125.8, 123.7, 121, 
124.4, 117.8, 117.4, 120, 118.9, 115.2, 123.5, 122.3, 120.2, 
123.2, 114.3, 123.8, 118.3, 126.1, 123.7, 121.8, 131.2, 130.9, 
121.9, 128, 116.8, 126.2, 122.6, 128.3, 120, 117.2, 131, 129.6, 
127.1, 124.1, 136.9, 108.7, 129.3, 118.7, 124.6, 124.3, 127.1, 
135.3, 115.4, 127.1, 126.8, 114.2, 116.6, 130.1, 132.3, 120.2, 
124.3, 116.3, 133.9, 137.4, 128.1, 128.4, 117, 131.5, 126.2, 
128.3, 129.8, 123.7, 122.8, 124.1, 121.6, 131.3, 129.6, 120.7, 
121, 120.5, 120.9, 116.7, 129.3, 116.9, 116.3, 119.1, 114.5, 
116.8, 116.7, 135.2, 117.8, 123.1, 119.8, 114.6, 131.6, 112.9, 
124, 123.3, 130.6, 116.1, 124.1, 116.6, 122, 131, 116.6, 122.5, 
115.2, 130.3, 127.4, 122.1, 119.1, 126.5, 139.1, 114.9, 116.9, 
129.8, 127.5, 116.4, 121.9, 128.4, 124.4, 112.8, 127.1, 117.7, 
112.1, 128.8, 128.3, 113.5, 131.2, 128.2, 122.9, 130.1, 130.3, 
114.1, 125.4, 119.6, 125.1, 121.1, 132, 119.3, 120, 117.7, 117.7, 
129.4, 126.4, 123.5, 114.8, 129.1, 117.8, 115.6), LGAN = c(53.9, 
47.7, 56.7, 57.9, 51.5, 49.9, 56.8, 52.2, 60.2, 51.9, 55.2, 56.2, 
49.8, 62.2, 56.8, 53, 56.6, 53, 62.8, 52.1, 53.5, 55.5, 57.9, 
50.8, 61.3, 59.8, 64.6, 58.7, 54.3, 56.4, 51.2, 56.3, 50, 52.5, 
62.2, 62.9, 51.9, 59.7, 57.8, 54.3, 63.8, 59.4, 63.3, 55.2, 61.4, 
56.1, 63.7, 62.5, 61.5, 59.8, 59.5, 54.5, 60.1, 60.3, 55.8, 61, 
54.6, 52.8, 59.9, 64.8, 57.4, 53.5, 60, 51.5, 59.1, 54.8, 54.9, 
57.9, 56.9, 55.9, 66.7, 63.8, 60.5, 62, 53.8, 51.6, 54.3, 57.5, 
62.7, 58.1, 61, 60.2, 56.1, 61.8, 56.3, 59.4, 58.2, 60.4, 59.5, 
54, 58, 68.6, 55.7, 60.6, 55.1, 53.2, 58.5, 58.9, 61.1, 62.9, 
53.9, 55.8, 59.6, 74.2, 62.7, 55, 62.5, 58.5, 59.6, 53.5, 73.6, 
55.8, 61.3, 61.7, 54.9, 56.7, 51.7, 61.2, 55.5, 58.7, 55.6, 61, 
57.4, 61.8, 59.2, 57.3, 58.1, 54.1, 56.4, 58.7, 58.4, 57.4, 69.5, 
53.8, 54.3, 54.2, 53, 52, 53.4, 60.6, 60.8, 61.8, 50.3, 55.1, 
61.8, 54, 60.3, 63.2, 61.7, 53.5, 53.2, 53.5, 60.6, 63.5, 57.3, 
59.9, 58.9, 59.8, 62.1, 56.2, 59.4, 60.6, 59.6, 53.5, 56.5, 59.5, 
56.6, 56.7, 57.5, 58.3, 62.8, 55.6, 60.8, 51.2, 56.4, 69.1, 55.8, 
59.5, 61.3, 55.8, 57.6, 65.3, 60.9, 54.8, 59.5, 53.9, 62.3, 57.8, 
60.8, 52.7, 59.1, 60.2, 59.1, 61, 59.4, 57.2, 55.3, 62, 60.9, 
60.9), LTN = c(127.4, 124.7, 123.4, 121.6, 119.9, 122.9, 118.1, 
117.3, 123, 120.1, 125, 124.5, 121.8, 121.6, 120.1, 128.3, 122.2, 
124, 122.7, 118.6, 121.6, 125.4, 115.8, 122.2, 126.7, 125.7, 
125.6, 121.1, 119.5, 123.3, 115.6, 122.7, 113.7, 117.4, 123.1, 
122.3, 121.5, 123.9, 125.3, 123.6, 125.7, 125.2, 121.6, 123.5, 
117.7, 119.9, 124.3, 129.5, 118.1, 124.5, 119.4, 121.2, 123.9, 
127.8, 121.5, 121.1, 120.2, 121.7, 120.3, 119.4, 123.8, 124.8, 
120.1, 119.7, 122.4, 121.5, 121.9, 119.4, 121.8, 119, 120.3, 
117.1, 119.5, 113.5, 128.4, 122.7, 122, 124.7, 124.8, 112.1, 
124.7, 118.5, 127.3, 120.6, 124.2, 121.2, 128.4, 129.1, 123.4, 
119.9, 123.3, 123, 119.1, 115.7, 129.5, 125.6, 121, 118.5, 117.6, 
124.3, 117.9, 125, 116.6, 125.5, 121.4, 113.2, 125.4, 120.8, 
122, 118.6, 126.3, 121.8, 120.6, 125.8, 126.5, 121.7, 119.9, 
125, 121.2, 124.1, 119.5, 123.4, 123.2, 126.9, 115.3, 122.7, 
122.7, 119.7, 121.4, 113.4, 119.7, 128.1, 123.6, 117.8, 120.2, 
117.9, 120.1, 121, 115.4, 128.6, 123.1, 122.1, 120.6, 126.3, 
123.9, 114.7, 118.7, 125.5, 123.6, 127.2, 127.5, 128.2, 119.4, 
117.3, 122, 119.4, 122.5, 128.3, 130.1, 114.6, 120.4, 122.7, 
125.5, 113.9, 120.1, 127.8, 122, 123.1, 116.1, 131.7, 120.8, 
118.5, 123.8, 125.7, 120.3, 124.9, 123.7, 127, 123.7, 121.2, 
122.3, 120.3, 125.6, 124.8, 128.5, 122.3, 122.7, 124.9, 122.4, 
114.2, 122.6, 124.6, 124.7, 134.7, 133.1, 121.3, 126.1, 127.6, 
114.4, 117.8),