"meno" <-
structure(list(y = c(1, 5, 15, 33, 37, 1, 5, 13, 26, 25), n = c(67, 
44, 66, 73, 52, 37, 29, 36, 43, 28), eta = c(45, 47, 49, 51, 
53, 45, 47, 49, 51, 53), fumo = structure(c(2, 2, 2, 2, 2, 1, 
1, 1, 1, 1), .Label = c("1", "2"), class = "factor")), .Names = c("y", 
"n", "eta", "fumo"), row.names = c("1", "2", "3", "4", "5", "6", 
"7", "8", "9", "10"), class = "data.frame")
