x <-
c(0, 2, 4, 6, 8, 10, 0, 2, 4, 6, 8, 10, 0, 2, 4, 6, 8, 10, 0, 
2, 4, 6, 8, 10, 0, 2, 4, 6, 8, 10, 0, 2, 4, 6, 8, 10, 0, 2, 4, 
6, 8, 10, 0, 2, 4, 6, 8, 10, 0, 2, 4, 6, 8, 10, 0, 2, 4, 6, 8, 
10)
y <-
c(438.98, 439.11, 439.22, 439.29, 439.42, 439.51, 438.99, 439.11, 
439.22, 439.33, 439.45, 439.51, 439.01, 439.11, 439.17, 439.33, 
439.41, 439.48, 439.01, 439.12, 439.18, 439.3, 439.44, 439.54, 
439.01, 439.09, 439.18, 439.28, 439.4, 439.48, 439.01, 439.08, 
439.2, 439.32, 439.36, 439.47, 439, 439.12, 439.21, 439.31, 439.42, 
439.49, 439, 439.11, 439.22, 439.3, 439.42, 439.49, 439, 439.11, 
439.17, 439.27, 439.38, 439.47, 439.02, 439.12, 439.22, 439.3, 
439.39, 439.49)     

molla = data.frame(PESO = x, LUNG = y)
