"mort" <-
structure(list(age = c(25, 35, 45, 55, 25, 35, 45, 55), fact = structure(c(1, 
1, 1, 1, 2, 2, 2, 2), .Label = c("1", "2"), class = "factor"), 
    n = c(7, 27, 30, 8, 7, 37, 35, 9), atr = c(4045, 3571, 1777, 
    381, 3701, 3702, 1818, 350)), .Names = c("age", "fact", "n", 
"atr"), row.names = c("1", "2", "3", "4", "5", "6", "7", "8"), class = "data.frame")
