nuclear <-
structure(list(cost = c(460.05000000000001, 452.99000000000001, 
443.22000000000003, 652.32000000000005, 642.23000000000002, 345.38999999999999, 
272.37, 317.20999999999998, 457.12, 690.19000000000005, 350.63, 
402.58999999999997, 412.18000000000001, 495.57999999999998, 394.36000000000001, 
423.31999999999999, 712.26999999999998, 289.66000000000003, 881.24000000000001, 
490.88, 567.78999999999996, 665.99000000000001, 621.45000000000005, 
608.79999999999995, 473.63999999999999, 697.13999999999999, 207.50999999999999, 
288.48000000000002, 284.88, 280.36000000000001, 217.38, 270.70999999999998
), date = c(68.579999999999998, 67.329999999999998, 67.329999999999998, 
68, 68, 67.920000000000002, 68.170000000000002, 68.420000000000002, 
68.420000000000002, 68.329999999999998, 68.579999999999998, 68.75, 
68.420000000000002, 68.920000000000002, 68.920000000000002, 68.420000000000002, 
69.5, 68.420000000000002, 69.170000000000002, 68.920000000000002, 
68.75, 70.920000000000002, 69.670000000000002, 70.079999999999998, 
70.420000000000002, 71.079999999999998, 67.25, 67.170000000000002, 
67.829999999999998, 67.829999999999998, 67.25, 67.829999999999998
), t1 = c(14, 10, 10, 11, 11, 13, 12, 14, 15, 12, 12, 13, 15, 
17, 13, 11, 18, 15, 15, 16, 11, 22, 16, 19, 19, 20, 13, 9, 12, 
12, 13, 7), t2 = c(46, 73, 85, 67, 78, 51, 50, 59, 55, 71, 64, 
47, 62, 52, 65, 67, 60, 76, 67, 59, 70, 57, 59, 58, 44, 57, 63, 
48, 63, 71, 72, 80), cap = c(687, 1065, 1065, 1065, 1065, 514, 
822, 457, 822, 792, 560, 790, 530, 1050, 850, 778, 845, 530, 
1090, 1050, 913, 828, 786, 821, 538, 1130, 745, 821, 886, 886, 
745, 886), pr = c(0, 0, 1, 0, 1, 0, 0, 0, 1, 0, 0, 0, 0, 0, 0, 
0, 0, 1, 0, 1, 0, 1, 0, 1, 0, 0, 0, 0, 0, 1, 1, 1), ne = c(1, 
0, 0, 1, 1, 1, 0, 0, 0, 1, 0, 1, 0, 0, 0, 0, 1, 0, 0, 0, 0, 1, 
0, 0, 0, 0, 0, 0, 0, 0, 0, 0), ct = c(0, 1, 1, 1, 1, 1, 0, 0, 
0, 1, 0, 0, 1, 0, 0, 0, 0, 1, 0, 0, 1, 0, 1, 0, 1, 1, 0, 1, 0, 
0, 0, 0), bw = c(0, 0, 0, 0, 0, 0, 0, 0, 0, 1, 0, 0, 0, 0, 1, 
0, 0, 0, 0, 0, 1, 0, 0, 0, 0, 0, 0, 0, 1, 1, 0, 1), cum.n = c(14, 
1, 1, 12, 12, 3, 5, 1, 5, 2, 3, 6, 2, 7, 16, 3, 17, 2, 1, 8, 
15, 20, 18, 3, 19, 21, 8, 7, 11, 11, 8, 11), pt = c(0, 0, 0, 
0, 0, 0, 0, 0, 0, 0, 0, 0, 0, 0, 0, 0, 0, 0, 0, 0, 0, 0, 0, 0, 
0, 0, 1, 1, 1, 1, 1, 1)), row.names = c("1", "2", "3", "4", "5", 
"6", "7", "8", "9", "10", "11", "12", "13", "14", "15", "16", 
"17", "18", "19", "20", "21", "22", "23", "24", "25", "26", "27", 
"28", "29", "30", "31", "32"), class = "data.frame")
