"rats" <-
structure(list(a = structure(c(1, 1, 1, 1, 1, 1, 1, 1, 1, 1, 
1, 1, 2, 2, 2, 2, 2, 2, 2, 2, 2, 2, 2, 2), .Label = c("1", "2"
), class = "factor"), b = structure(c(1, 1, 1, 1, 2, 2, 2, 2, 
3, 3, 3, 3, 1, 1, 1, 1, 2, 2, 2, 2, 3, 3, 3, 3), .Label = c("1", 
"2", "3"), class = "factor"), x = c(5, 5, 9, 7, 7, 7, 9, 6, 21, 
14, 17, 12, 7, 6, 9, 8, 10, 8, 7, 6, 16, 14, 14, 10), y = c(6, 
4, 9, 6, 6, 7, 12, 8, 15, 11, 12, 10, 10, 6, 7, 10, 13, 7, 6, 
9, 12, 9, 8, 5)), .Names = c("a", "b", "x", "y"), class = "data.frame", row.names = c("1", 
"2", "3", "4", "5", "6", "7", "8", "9", "10", "11", "12", "13", 
"14", "15", "16", "17", "18", "19", "20", "21", "22", "23", "24"
))
