reversal <-
structure(list(z = c(5.63613393910109, 4.70306266127958, 5.72552271703846, 
4.23461783819829, 5.35780155473172, 5.5705087751311, 6.8441123613898, 
3.82096611820470, 6.51950993461018, 5.54629626576121, 2.93785423104571, 
4.18316622956386, 4.26387468598426, 5.24950169115517, 5.25065993815606, 
5.18523870565687, 4.23392507561006, 5.56988744431272, 5.39108745787942, 
4.34729516932851, 4.20321353893321, 6.20227590217054, 4.30542782388914, 
6.24892151646298, 4.36674231372007, 6.18259311677864, 4.38790760179488, 
5.66493650604184, 5.34940996671597, 6.33010163109367, 5.1262794153881, 
4.82096270079851, 4.7158272295399, 4.8123937851536, 6.99769029806386, 
5.06484174953315, 7.06966247976306, 4.5673548963004, 4.49067689382481, 
5.42071854517937, 3.50109638061314, 4.02994102432307, 4.9354458869983, 
3.84210192429727, 4.04489230434005, 4.31582506543396, 5.08957354956142, 
4.17476350250348, 5.3992313850498, 6.00041585669468, 12.3336831340898, 
12.9447864021537, 11.6300567734371, 9.75245429842612, 9.26777323655664, 
11.3739526146923, 12.6776467896113, 12.1347917267955, 11.1870682604484, 
11.2975083562254, 10.0099461005505, 9.8602805047944, 10.1160032199984, 
11.5645194791450, 11.3574172223782, 9.51960147542173, 10.9351307902090, 
11.1769906129715, 10.8672295219372, 10.1481018862446, 11.3334656867805, 
9.90588357427418, 11.7455131297075, 9.31490725802, 10.8130889429059, 
11.0959809133666, 10.7462829870199, 11.0605860248307, 10.3774199939124, 
10.8273719608624, 11.8942937222861, 11.8627044296999, 12.2421487278979, 
11.603390955216, 10.2499774790817, 10.3466530763713, 12.0224819378069, 
10.8255318762593, 9.48641907452418, 11.5618098578402, 11.7934992256468, 
11.5173381244529, 10.9662412709669, 10.4092869272017, 10.4167675034425, 
11.1976999415997, 10.9727212111070, 11.5105918181413, 10.793001470985, 
10.8841449343041), y = c(19.6719028753627, 20.4527703056958, 
18.6012573152951, 20.5959641334587, 19.2928840859449, 20.2764716975088, 
21.7833920590390, 12.8130934901356, 19.6702140718215, 24.1648220341981, 
17.6333862657218, 18.1476525032899, 21.9135440918814, 17.8232290997596, 
23.4888942167238, 18.7937081475248, 18.6695983118372, 21.4846564730501, 
19.2383120638461, 23.4907434716431, 17.5277956020715, 25.9320233476903, 
13.6335191001201, 16.0536157670705, 19.8663431622234, 23.3669601934298, 
9.89517023709484, 23.0247936614544, 17.2177247143084, 22.2588897278016, 
22.6188575216451, 22.4678383553725, 24.5395371509899, 17.9196361874678, 
18.7286685115098, 19.3464246966673, 22.9372746476197, 22.5770758122162, 
19.2361318283125, 24.8485440865304, 15.9186744664014, 21.8367877946369, 
16.3502391663851, 16.4197557177671, 23.7167879412479, 16.915983677497, 
23.2117088027046, 14.1833549560338, 20.5155084480123, 18.6557579396929, 
16.9437173189601, 12.8334692783950, 12.9415691048373, 10.2970239104239, 
17.5548577945877, 13.5496066248832, 19.7902800055203, 20.1704754975624, 
11.2635875282937, 13.4328963506559, 14.1943133547836, 12.9317401762615, 
14.958134678623, 18.8418357694416, 14.2618969626790, 13.5987073476558, 
13.0968802736348, 17.2686262240916, 17.5513353999100, 16.9615688171647, 
18.6309293028305, 11.6160234585175, 16.6059511753529, 21.9208722704813, 
11.7094752219913, 10.1321145935150, 10.9788228166608, 15.5056705389950, 
18.6978272883004, 14.9714442721168, 19.5004341756845, 17.6607517575547, 
20.9026561829147, 17.4686891659943, 16.0335700920293, 17.2783239751341, 
14.0883051987246, 17.6632501045955, 12.0450260403208, 19.0015560327326, 
10.812151967484, 19.5160270209555, 18.8372129123027, 14.5474210236244, 
18.6938386633345, 13.6644876509727, 9.42890117662243, 16.8791011122851, 
19.3991542391345, 13.1085553568476), x = c(0, 0, 0, 0, 0, 0, 
0, 0, 0, 0, 0, 0, 0, 0, 0, 0, 0, 0, 0, 0, 0, 0, 0, 0, 0, 0, 0, 
0, 0, 0, 0, 0, 0, 0, 0, 0, 0, 0, 0, 0, 0, 0, 0, 0, 0, 0, 0, 0, 
0, 0, 1, 1, 1, 1, 1, 1, 1, 1, 1, 1, 1, 1, 1, 1, 1, 1, 1, 1, 1, 
1, 1, 1, 1, 1, 1, 1, 1, 1, 1, 1, 1, 1, 1, 1, 1, 1, 1, 1, 1, 1, 
1, 1, 1, 1, 1, 1, 1, 1, 1, 1)), .Names = c("z", "y", "x"), row.names = c(NA, 
-100L), class = "data.frame")
