"SAheart" <-
structure(list(row.names = c(1, 2, 3, 4, 5, 6, 7, 8, 9, 10, 11, 
12, 13, 14, 15, 16, 17, 18, 19, 20, 21, 22, 23, 24, 25, 26, 27, 
28, 29, 30, 31, 32, 33, 34, 35, 36, 37, 38, 39, 40, 41, 42, 43, 
44, 45, 46, 47, 48, 49, 50, 51, 52, 53, 54, 55, 56, 57, 58, 59, 
60, 61, 62, 63, 64, 65, 66, 67, 68, 69, 70, 71, 72, 73, 74, 75, 
76, 77, 78, 79, 80, 81, 82, 83, 84, 85, 86, 87, 88, 89, 90, 91, 
92, 93, 94, 95, 96, 97, 98, 99, 100, 101, 102, 103, 104, 105, 
106, 107, 108, 109, 110, 111, 112, 113, 114, 115, 116, 117, 118, 
119, 120, 121, 122, 123, 124, 125, 126, 127, 128, 129, 130, 131, 
132, 133, 134, 135, 136, 137, 138, 139, 140, 141, 142, 143, 144, 
145, 146, 147, 148, 149, 150, 151, 152, 153, 154, 155, 156, 157, 
158, 159, 160, 161, 162, 163, 164, 165, 166, 167, 168, 169, 170, 
171, 172, 173, 174, 175, 176, 177, 178, 179, 180, 181, 182, 183, 
184, 185, 186, 187, 188, 189, 190, 191, 192, 193, 194, 195, 196, 
197, 198, 199, 200, 201, 202, 203, 204, 205, 206, 207, 208, 209, 
210, 211, 212, 213, 214, 215, 216, 217, 218, 219, 220, 221, 222, 
223, 224, 225, 226, 227, 228, 229, 230, 231, 232, 233, 234, 235, 
236, 237, 238, 239, 240, 241, 242, 243, 244, 245, 246, 247, 248, 
249, 250, 251, 252, 253, 254, 255, 256, 257, 258, 259, 260, 261, 
263, 264, 265, 266, 267, 268, 269, 270, 271, 272, 273, 274, 275, 
276, 277, 278, 279, 280, 281, 282, 283, 284, 285, 286, 287, 288, 
289, 290, 291, 292, 293, 294, 295, 296, 297, 298, 299, 300, 301, 
302, 303, 304, 305, 306, 307, 308, 309, 310, 311, 312, 313, 314, 
315, 316, 317, 318, 319, 320, 321, 322, 323, 324, 325, 326, 327, 
328, 329, 330, 331, 332, 333, 334, 335, 336, 337, 338, 339, 340, 
341, 342, 343, 344, 345, 346, 347, 348, 349, 350, 351, 352, 353, 
354, 355, 356, 357, 358, 359, 360, 361, 362, 363, 364, 365, 366, 
367, 368, 369, 370, 371, 372, 373, 374, 375, 376, 377, 378, 379, 
380, 381, 382, 383, 384, 385, 386, 387, 388, 389, 390, 391, 392, 
393, 394, 395, 396, 397, 398, 399, 400, 401, 402, 403, 404, 405, 
406, 407, 408, 409, 410, 411, 412, 413, 414, 415, 416, 417, 418, 
419, 420, 421, 422, 423, 424, 425, 426, 427, 428, 429, 430, 431, 
432, 433, 434, 435, 436, 437, 438, 439, 440, 441, 442, 443, 444, 
445, 446, 447, 448, 449, 450, 451, 452, 453, 454, 455, 456, 457, 
458, 459, 460, 461, 462, 463), sbp = c(160, 144, 118, 170, 134, 
132, 142, 114, 114, 132, 206, 134, 118, 132, 112, 117, 120, 146, 
158, 124, 106, 132, 150, 138, 142, 124, 118, 145, 144, 146, 136, 
158, 122, 126, 148, 122, 140, 110, 130, 136, 118, 144, 120, 130, 
114, 128, 162, 116, 114, 126, 122, 134, 152, 134, 156, 152, 118, 
126, 103, 121, 142, 138, 152, 140, 130, 136, 124, 112, 118, 122, 
118, 130, 130, 126, 128, 136, 134, 140, 168, 108, 114, 140, 148, 
148, 128, 130, 126, 140, 126, 122, 116, 120, 143, 118, 194, 134, 
138, 136, 122, 164, 136, 166, 118, 128, 118, 158, 108, 170, 118, 
124, 114, 168, 134, 174, 116, 128, 140, 154, 150, 130, 128, 120, 
120, 138, 153, 123, 148, 136, 134, 152, 158, 132, 134, 142, 134, 
122, 116, 128, 120, 124, 160, 130, 128, 130, 109, 144, 118, 136, 
136, 124, 148, 128, 122, 108, 124, 138, 127, 174, 122, 144, 126, 
208, 138, 148, 122, 132, 110, 160, 126, 162, 194, 118, 124, 160, 
128, 122, 132, 120, 128, 108, 166, 152, 170, 156, 116, 122, 150, 
129, 134, 126, 142, 128, 102, 130, 138, 138, 128, 162, 160, 148, 
124, 136, 134, 128, 122, 152, 162, 124, 136, 136, 134, 122, 116, 
132, 134, 160, 180, 124, 114, 208, 138, 164, 144, 136, 132, 143, 
112, 134, 138, 188, 110, 136, 130, 122, 138, 130, 126, 176, 122, 
124, 140, 128, 190, 144, 126, 128, 136, 158, 160, 124, 158, 128, 
166, 146, 161, 164, 146, 142, 138, 154, 118, 124, 124, 136, 132, 
118, 118, 134, 114, 136, 130, 136, 136, 154, 108, 136, 174, 124, 
114, 118, 106, 146, 206, 134, 148, 126, 134, 134, 123, 112, 112, 
101, 150, 170, 134, 142, 132, 136, 132, 166, 138, 138, 170, 128, 
136, 128, 150, 132, 142, 130, 174, 114, 162, 174, 190, 154, 124, 
114, 168, 142, 154, 146, 166, 140, 136, 156, 132, 128, 106, 144, 
154, 126, 134, 152, 146, 162, 130, 138, 148, 124, 118, 116, 162, 
138, 137, 198, 154, 128, 130, 162, 120, 136, 176, 134, 122, 134, 
134, 136, 132, 152, 132, 124, 140, 166, 156, 132, 150, 134, 126, 
148, 148, 132, 128, 128, 140, 126, 114, 118, 126, 154, 112, 140, 
140, 128, 126, 160, 144, 148, 146, 164, 130, 154, 178, 180, 134, 
142, 162, 218, 126, 126, 134, 132, 178, 208, 160, 116, 180, 200, 
112, 120, 178, 166, 164, 216, 146, 134, 158, 176, 132, 126, 120, 
174, 150, 176, 142, 132, 142, 146, 132, 120, 118, 108, 136, 120, 
132, 136, 138, 138, 130, 130, 110, 120, 166, 134, 142, 136, 142, 
130, 124, 144, 136, 120, 154, 124, 146, 128, 170, 214, 182, 108, 
118, 132), tobacco = c(12, 0.01, 0.08, 7.5, 13.6, 6.2, 4.05, 
4.08, 0, 0, 6, 14.1, 0, 0, 9.65, 1.53, 7.5, 10.5, 2.6, 14, 1.61, 
7.9, 0.3, 0.6, 18.2, 4, 6, 9.1, 4.09, 0, 2.52, 1.02, 6.6, 8.75, 
5.5, 4.26, 3.9, 4.64, 0, 11.2, 0.28, 0.04, 0, 2.61, 0, 4.65, 
7.4, 1.91, 0, 3.8, 0, 2.5, 0.9, 8.08, 3, 5.99, 0, 5.1, 0.03, 
0.8, 0.28, 1.15, 10.1, 0.45, 0, 7.36, 4.82, 0.41, 4.46, 0, 0, 
1.72, 5.6, 0.09, 0.4, 0, 0, 0.6, 4.5, 0.4, 3, 8.14, 4.8, 12.2, 
0, 0.56, 10.5, 0, 0.9, 0.72, 1.03, 3.7, 0.46, 4, 1.7, 3, 2.16, 
0, 3.2, 12, 8, 0.07, 0, 0.42, 1.5, 3.6, 1.5, 7.6, 1, 0, 0, 9, 
2, 0, 31.2, 0, 4.5, 0.7, 3.5, 0, 2, 1.4, 0, 4.5, 7.8, 8.6, 4.04, 
3.96, 8.8, 12.18, 13.5, 2, 1.5, 7.44, 6, 4.18, 2.7, 0.5, 0, 0, 
14, 2.78, 2.8, 4.5, 1.2, 0, 1.05, 3.46, 1.5, 15.5, 6, 6.6, 0.28, 
0, 3.04, 8.8, 0, 9.45, 0, 6.75, 1.8, 27.4, 0, 0, 0, 7, 12.16, 
1.52, 0.54, 5.3, 2.55, 0.75, 0, 0, 0, 4, 2, 0, 0.04, 15, 0, 0, 
4.2, 4, 8, 4.4, 20, 2.15, 4.8, 0, 0, 0.7, 0.4, 0, 0.05, 0, 0, 
2.92, 3, 0, 0.16, 3.15, 2.75, 0.73, 3.2, 3, 0, 4, 5.8, 8.8, 0.05, 
1, 3, 0, 0, 7.77, 0.52, 0.81, 0, 7.4, 0, 0.5, 2.4, 7.5, 7.28, 
5.04, 4.46, 10, 2, 0, 2.35, 13.2, 1.75, 0, 0, 18, 5.5, 5.76, 
0, 0, 5.2, 6, 4.18, 0.76, 4.6, 0, 0.4, 4, 0.6, 6, 6.17, 0, 3, 
7.5, 9, 13.02, 5.08, 4.48, 12, 1.8, 0, 0.61, 1.04, 5, 9.9, 0.12, 
0.12, 12, 0.1, 6.8, 0, 2.2, 1.36, 4.2, 0.8, 8.8, 2.02, 4.25, 
0, 0.12, 1.08, 3.6, 0, 3, 15, 0.21, 0, 0.02, 0.05, 0.6, 0, 0.48, 
0.18, 2.6, 0, 0, 0.1, 0, 12, 4.1, 0, 2.27, 0, 0, 1.2, 0, 14.4, 
8.4, 2.4, 0.05, 3.5, 9.6, 1.5, 0, 5.15, 1.4, 0, 1.2, 11.4, 3.72, 
0, 4.36, 6, 8.6, 1.7, 0, 0, 0, 5.6, 0.4, 0.31, 3.1, 6.4, 19.45, 
1.35, 6.94, 7.28, 6, 0, 4.2, 1.62, 4.28, 6.3, 0.87, 1.2, 0.52, 
4.5, 5.4, 0.08, 5.6, 10.5, 3.99, 1.2, 11.79, 1.7, 0.9, 0, 6.6, 
4.05, 1.68, 12.3, 0.4, 4.2, 0.6, 3.02, 0.72, 0, 0.12, 3.4, 0.5, 
8.2, 6, 1.6, 5.16, 0, 0, 3.6, 1.25, 0.96, 4.5, 1.44, 8, 1.68, 
2.6, 19.6, 4.2, 0, 4.5, 0, 5.6, 0.54, 2.4, 0.95, 3.57, 12.5, 
0, 7, 11.2, 8.75, 0, 6.1, 0, 5.5, 5.04, 1.15, 2.38, 25.01, 19.2, 
4.2, 0, 20, 0.8, 8.2, 0.92, 6.4, 1.1, 16, 0, 2.8, 0, 5.5, 0, 
13.8, 6, 2.2, 0, 1.32, 1.16, 7.2, 0, 0, 0, 0, 0, 0, 0, 0, 0.06, 
1.22, 4, 0, 0, 6, 0.57, 3, 2.8, 0, 0, 1.8, 4, 1.81, 0, 5.53, 
1.6, 0.64, 2.24, 0.4, 0.4, 4.2, 3, 5.4, 0),