"sassari.95" <-
structure(list(sesso = c(1, 2, 2, 2, 2, 1, 2, 2, 2, 2, 2, 2, 
2, 2, 1, 2, 1, 2, 2, 2, 2, 1, 1, 2, 1, 1, 1, 2, 1, 1, 1, 1, 1, 
1, 1, 2, 1, 2, 2, 1, 2, 2, 2, 2, 1, 2, 1, 2, 2, 2, 2, 1, 1, 2, 
2, 2, 1, 1, 1, 2, 1, 2, 1, 1, 1, 2, 2, 2, 2, 2, 2, 2, 2, 2, 2, 
2, 2, 2, 2, 2, 2, 2, 1, 1, 2, 2, 2, 1, 2, 1, 1, 1, 1, 2), eta = c(20, 
21, 19, 19, 19, 19, 19, 19, NA, 20, 19, 18, 19, 20, 19, 19, 21, 
19, 19, 24, 19, 21, 20, 22, 20, 22, 21, 18, 22, 21, NA, 19, 22, 
20, NA, 20, 21, 21, 20, 21, 21, 19, 19, 22, 19, 21, 22, 19, NA, 
25, 19, NA, 21, 25, 27, 20, 20, 20, 22, 20, 21, 21, 23, 23, 22, 
20, NA, 19, 19, 19, 19, 19, 19, 19, 25, 22, 25, 22, 19, 19, 20, 
20, NA, 18, NA, 18, 19, 20, 18, 19, 19, NA, NA, 22), anno = c(1, 
1, 1, 1, 1, 1, 1, 1, 5, 2, 1, 1, 1, 1, 1, 1, 2, 1, 1, 1, 1, 1, 
2, 4, 1, 1, 1, 1, 1, 1, 1, 1, 2, 1, 4, 1, 1, 2, 1, 1, 2, 1, 1, 
5, 1, 3, 1, 1, 5, 5, 1, 2, 1, 5, 5, 1, 1, 1, 1, 1, 2, 1, 2, 2, 
2, 1, 1, 1, 1, 1, 1, 1, 1, 1, 5, 2, 4, 4, 1, 1, 1, 2, 3, 1, 1, 
1, 1, 1, 1, 1, 1, 2, 2, 3), componenti = c(NA, 4, 3, 3, 5, 5, 
5, 1, NA, 4, 5, 3, 5, 4, 4, 4, 4, 8, 4, 5, 4, 3, 6, 4, 3, 5, 
4, 6, 4, 5, 3, 5, 4, 4, 4, 4, 4, 4, 8, 4, 5, 5, 4, 5, 4, 7, 4, 
7, 5, 2, 4, 3, 3, 5, 3, 3, 4, 4, 4, 4, 6, 5, 4, 4, 4, 3, 4, 5, 
4, 4, 3, 4, 4, 4, 6, 4, 5, 6, 5, 4, 3, 4, 4, 4, 3, 6, 4, 5, 4, 
6, 4, 4, 3, 6), scuola = c(2, 1, 1, 1, 1, 1, 1, 1, 2, 1, 2, 2, 
2, 1, 1, 1, 2, 2, 3, 2, 2, 3, 2, 2, 1, 2, 2, 1, 1, 2, 2, 1, 2, 
1, 1, 2, 1, 3, 2, 1, 3, 3, 3, 1, 2, 2, 3, 2, 1, 2, 1, 2, 1, 1, 
1, 2, 2, 1, 2, 1, 1, 2, 1, 2, 2, 1, 1, 3, 2, 1, 1, 1, 1, 2, 2, 
2, 2, 2, 2, 2, 2, 1, 2, 1, 2, 1, 2, 1, 1, 1, 1, 2, 2, 2), voto = c(46, 
54, 57, 48, 58, 49, 50, 52, 40, 36, 60, 48, 44, 36, 53, 36, 42, 
54, 42, 48, 52, 42, 50, 57, 36, 40, 52, 42, 37, 45, 38, 43, 44, 
43, 58, 56, 36, 52, 46, 48, 45, 43, 52, 51, 44, 46, 36, 48, 38, 
52, 60, 45, 36, 50, 45, 44, 42, 45, 44, 52, 40, 43, 46, 36, 36, 
50, 42, 42, 48, 56, 50, 46, 52, 53, 44, 56, 38, 56, 48, 60, 44, 
52, 36, 42, 45, 54, 44, 44, 48, 54, 45, 45, 40, 40), diploma = c(1, 
1, 2, 1, 1, 1, 2, 2, 2, 1, 2, 1, 2, 1, 1, 2, 1, 2, 1, 2, 1, 2, 
1, 2, 1, 1, 1, 1, 2, 2, 1, 1, 2, 1, 2, 2, 2, 2, 2, 1, 1, 2, 1, 
1, 1, 2, 2, 2, 1, 2, 1, 1, 2, 1, 1, 2, 1, 2, 2, 2, 1, 2, 1, 1, 
2, 1, 2, 2, 1, 2, 2, 2, 1, 2, 2, 2, 2, 1, 2, 2, 1, 1, 1, 2, 2, 
1, 1, 1, 1, 1, 1, 1, 1, 2), auto = c(3, 2, 1, 2, 2, 2, 1, 1, 
2, 2, 2, 2, 1, 4, 1, 1, 2, 1, 2, 2, 2, 2, 2, 3, 2, 2, 2, 2, 1, 
2, 3, 2, 2, 2, 1, 1, 2, 1, 1, 1, 2, 1, 2, 2, 1, 6, 2, 1, 2, 1, 
2, 2, 3, 3, 3, 1, 2, 2, 1, 1, 2, 4, 2, 1, 2, 2, 2, 1, 2, 2, 2, 
2, 2, 2, 1, 2, 2, 2, 1, 1, 1, 3, 1, 2, 1, 2, 2, 3, 2, 2, 2, 6, 
1, 5), residenza = c(1, 1, 2, 2, 2, 2, 1, 1, 2, 1, 1, 1, 2, 1, 
1, 2, 1, 2, 1, 2, 2, 2, 1, 1, 1, 1, 1, 1, 2, 1, 1, 1, 1, 1, 1, 
1, 2, 2, 1, 1, 1, 2, 1, 1, 1, 1, 2, 1, 1, 1, 1, 1, 1, 1, 1, 2, 
1, 1, 2, 2, 1, 1, 2, 2, 2, 2, 2, 2, 2, 2, 2, 2, 1, 2, 1, 1, 1, 
2, 2, 2, 1, 1, 2, 2, 1, 1, 1, 1, 1, 1, 1, 1, 1, 1), tempo = c(5, 
10, 45, 40, 60, 45, 15, 15, 20, 25, 20, 7, 45, 15, 10, 30, 10, 
10, 15, 35, 30, 35, 30, 10, 10, 10, 5, 30, 60, 10, 20, 10, 10, 
10, 25, 20, 60, 40, 20, 10, 2, 15, 10, 15, 10, 15, 30, 15, 5, 
30, 20, 5, 13, 10, 10, 40, 10, 15, 30, 12.5, NA, 5, 40, 60, 40, 
50, 55, 25, 25, 25, 25, 10, 10, 40, 15, 15, 50, 40, 60, 60, 25, 
20, 10, 30, 5, 6, 15, 20, NA, 10, 10, 10, 10, 20), altezza = c(170, 
170, 162, 160, 157, 169, 170, 154, 158, 164, 163, 175, 167, 165, 
178, 170, 178, 150, 160, 160, 164, 180, 175, 153, 182, 170, 170, 
165, 175, 178, 173, 173, 175, 179, 171, 163, 165, 163, 150, 172, 
162, 163, 170, 155, 179, 170, 175, 165, 173, 162, 170, 170, 176, 
166, 160, 166, 180, 174, 185, 160, 173, 159, 166, 176, 180, 165, 
165, 160, 150, 150, 172, 162, 164, 165, 165, 156, 160, 163, 152, 
164, 161, 165, 180, 173, 160, 170, 150, 173, 152, 175, 187, 170, 
170, 160), scarpe = c(39, 40, 37, 38, 38, 42, 39, 38, 36, 39, 
38, 39, 37, 40, 43, 37, 42, 37, 36, 37, 38, 45, 41, 35, 45, 42.5, 
41, 38, 42, 44, 43, 41, 42, 44, 42, 39, 41, 38, 36, 40, 39, 40, 
40, 35, 41, 38, 42, 39, 39, 36, 37, 41, 42.5, 39, 37, 39, 45, 
41, 44, 36, 41, 37, 41, 44, 43, 38, 39, 38, 35, 36, 40, 35, 38, 
36.5, 37, 36, 37, 39, 36, 39, 38, 36, 42, 41, 37, 39, 35, 45, 
37, 42, 44, 40, 39, 37), fumo = c(1, 1, 2, 1, 1, 2, 2, 2, 1, 
1, 2, 2, 2, 2, 2, 1, 1, 2, 1, 2, 1, 2, 2, 2, 2, 1, 1, 1, 2, 2, 
2, 2, 1, 2, 1, 2, 1, 2, 2, 2, 1, 2, 2, 2, 1, 2, 1, 2, 2, 2, 2, 
1, 1, 1, 1, 2, 1, 2, 2, 2, 2, 2, 2, 1, 1, 1, 1, 2, 2, 2, 2, 2, 
2, 2, 2, 2, 2, 2, 2, 2, 2, 1, 1, 2, 2, 2, 1, 1, 1, 2, 2, 1, 2, 
1), fumatori = c(0, 1, 0, 1, 1, 1, 1, 0, 0, 0, 0, 0, 0, 0, 0, 
2, 1, 0, 0, 0, 0, 1, 1, 0, 1, 0, 0, 1, 0, 1, 0, 1, 2, 0, 1, 0, 
0, 0, 0, 0, 2, 1, 1, 1, 1, 0, 1, 0, 1, 0, 0, 1, 2, 0, 0, 0, 2, 
1, 0, 0, 1, 1, 0, 0, 0, 1, 0, 1, 1, 0, 0, 0, 1, 2, 0, 0, 2, 1, 
1, 0, 2, 0, 0, 0, 1, 0, 1, 0, 1, 0, 1, 1, 0, 0), lavoro = c(5, 
5, 5, 5, 5, 5, 5, 2, 5, 5, 5, 2, 4, 5, 2, 4, 4, 4, 4, 5, 5, 4, 
2, 5, 1, 4, 5, 2, 1, 2, 5, 4, 3, 5, 4, 5, 5, 5, 2, 5, 4, 5, 5, 
5, 4, 5, 2, 5, 5, 5, 4, 2, 3, 4, 5, 5, 5, 2, 5, 5, 2, 2, 5, 4, 
4, 5, 5, 5, 5, 5, 5, 4, 5, 2, 5, 3, 5, 4, 2, 2, 4, 5, 5, 5, 4, 
5, 5, 5, 5, 5, 5, 5, 5, 5), figli = c(5, 5, 4, 2, 5, 5, 3, 4, 
4, 2, 5, 2, 5, 4, 2, 1, 1, 4, 2, 2, 5, 2, 1, 4, 1, 3, 3, 2, 1, 
1, 4, 2, 3, 5, 2, 2, 3, 2, 5, 2, 2, 5, 2, 4, 2, 3, 5, 5, 4, 4, 
2, 1, 2, 4, 2, 2, 4, 5, 2, 4, 1, 5, 4, 2, 2, 5, 4, 2, 2, 2, 2, 
2, 2, 5, 5, 1, 2, 2, 2, 3, 2, 5, 3, 2, 2, 2, 2, 5, 2, 3, 4, 5, 
2, 5)), .Names = c("sesso", "eta", "anno", "componenti", "scuola", 
"voto", "diploma", "auto", "residenza", "tempo", "altezza", "scarpe", 
"fumo", "fumatori", "lavoro", "figli"), row.names = c("1", "2", 
"3", "4", "5", "6", "7", "8", "9", "10", "11", "12", "13", "14", 
"15", "16", "17", "18", "19", "20", "21", "22", "23", "24", "25", 
"26", "27", "28", "29", "30", "31", "32", "33", "34", "35", "36", 
"37", "38", "39", "40", "41", "42", "43", "44", "45", "46", "47", 
"48", "49", "50", "51", "52", "53", "54", "55", "56", "57", "58", 
"59", "60", "61", "62", "63", "64", "65", "66", "67", "68", "69", 
"70", "71", "72", "73", "74", "75", "76", "77", "78", "79", "80", 
"81", "82", "83", "84", "85", "86", "87", "88", "89", "90", "91", 
"92", "93", "94"), class = "data.frame")
