"sassari" <-
structure(list(scarpe = c(39, 40, 37, 38, 38, 42, 39, 38, 36, 
39, 38, 39, 37, 40, 43, 37, 42, 37, 36, 37, 38, 45, 41, 35, 45, 
42.5, 41, 38, 42, 44, 43, 41, 42, 44, 42, 39, 41, 38, 36, 40, 
39, 40, 40, 35, 41, 38, 42, 39, 39, 36, 37, 41, 42.5, 39, 37, 
39, 45, 41, 44, 36, 41, 37, 41, 44, 43, 38, 39, 38, 35, 36, 40, 
35, 38, 36.5, 37, 36, 37, 39, 36, 39, 38, 36, 42, 41, 37, 39, 
35, 45, 37, 42, 44, 40, 39, 37), altezza = c(170, 170, 162, 160, 
157, 169, 170, 154, 158, 164, 163, 175, 167, 165, 178, 170, 178, 
150, 160, 160, 164, 180, 175, 153, 182, 170, 170, 165, 175, 178, 
173, 173, 175, 179, 171, 163, 165, 163, 150, 172, 162, 163, 170, 
155, 179, 170, 175, 165, 173, 162, 170, 170, 176, 166, 160, 166, 
180, 174, 185, 160, 173, 159, 166, 176, 180, 165, 165, 160, 150, 
150, 172, 162, 164, 165, 165, 156, 160, 163, 152, 164, 161, 165, 
180, 173, 160, 170, 150, 173, 152, 175, 187, 170, 170, 160), 
    sesso = structure(c(1, 2, 2, 2, 2, 1, 2, 2, 2, 2, 2, 2, 2, 
    2, 1, 2, 1, 2, 2, 2, 2, 1, 1, 2, 1, 1, 1, 2, 1, 1, 1, 1, 
    1, 1, 1, 2, 1, 2, 2, 1, 2, 2, 2, 2, 1, 2, 1, 2, 2, 2, 2, 
    1, 1, 2, 2, 2, 1, 1, 1, 2, 1, 2, 1, 1, 1, 2, 2, 2, 2, 2, 
    2, 2, 2, 2, 2, 2, 2, 2, 2, 2, 2, 2, 1, 1, 2, 2, 2, 1, 2, 
    1, 1, 1, 1, 2), .Label = c("1", "2"), class = "factor")), .Names = c("scarpe", 
"altezza", "sesso"), row.names = c("1", "2", "3", "4", "5", "6", 
"7", "8", "9", "10", "11", "12", "13", "14", "15", "16", "17", 
"18", "19", "20", "21", "22", "23", "24", "25", "26", "27", "28", 
"29", "30", "31", "32", "33", "34", "35", "36", "37", "38", "39", 
"40", "41", "42", "43", "44", "45", "46", "47", "48", "49", "50", 
"51", "52", "53", "54", "55", "56", "57", "58", "59", "60", "61", 
"62", "63", "64", "65", "66", "67", "68", "69", "70", "71", "72", 
"73", "74", "75", "76", "77", "78", "79", "80", "81", "82", "83", 
"84", "85", "86", "87", "88", "89", "90", "91", "92", "93", "94"
), class = "data.frame")
