scott <-
structure(list(x = c(195, 237, 205, 201, 190, 180, 193, 170, 
150, 200, 228, 169, 178, 251, 234, 222, 116, 157, 194, 130, 206, 
158, 167, 217, 234, 190, 178, 265, 219, 266, 190, 156, 187, 149, 
147, 155, 207, 238, 168, 210, 208, 160, 243, 209, 221, 178, 289, 
201, 168, 168, 207, 184, 263, 185, 271, 173, 230, 222, 215, 233, 
212, 221, 239, 168, 231, 221, 131, 211, 232, 313, 240, 176, 210, 
251, 175, 185, 184, 198, 198, 208, 284, 231, 171, 258, 164, 230, 
197, 216, 230, 265, 197, 230, 233, 250, 243, 175, 200, 240, 185, 
213, 180, 208, 386, 236, 230, 188, 200, 212, 193, 230, 169, 181, 
189, 180, 297, 232, 150, 239, 178, 242, 323, 168, 197, 417, 172, 
240, 191, 217, 208, 220, 191, 119, 171, 179, 208, 180, 254, 191, 
176, 283, 253, 220, 268, 248, 245, 171, 239, 196, 247, 219, 159, 
200, 233, 232, 189, 237, 319, 171, 194, 244, 236, 260, 254, 250, 
196, 298, 306, 175, 251, 256, 285, 184, 228, 171, 229, 195, 214, 
221, 204, 276, 165, 211, 264, 245, 227, 197, 196, 193, 211, 185, 
157, 224, 209, 223, 278, 251, 140, 197, 172, 174, 192, 221, 283, 
178, 185, 181, 191, 185, 206, 210, 226, 219, 215, 228, 245, 186, 
242, 201, 239, 179, 218, 279, 234, 264, 237, 162, 245, 191, 207, 
248, 139, 246, 247, 193, 332, 194, 195, 243, 271, 197, 242, 175, 
138, 244, 206, 191, 223, 172, 190, 144, 194, 105, 201, 193, 262, 
211, 178, 331, 235, 267, 227, 243, 261, 185, 171, 222, 231, 258, 
211, 249, 209, 177, 165, 299, 274, 219, 233, 220, 348, 194, 230, 
250, 173, 260, 258, 131, 168, 208, 287, 308, 227, 168, 178, 164, 
151, 165, 249, 258, 194, 140, 187, 171, 221, 294, 167, 208, 208, 
185, 159, 222, 266, 217, 249, 218, 245, 242, 262, 169, 204, 184, 
206, 198, 242, 189, 260, 199, 207, 206, 210, 229, 232, 267, 228, 
187, 304, 140, 209, 198, 270, 188, 160, 218, 257, 259, 139, 213, 
178, 172, 198, 222, 238, 273, 131, 233, 269, 170, 149, 194, 142, 
218, 194, 252, 184, 203, 239, 232, 225, 280, 185, 163, 216), 
    y = c(348, 174, 158, 171, 85, 82, 210, 90, 167, 154, 119, 
    86, 166, 211, 143, 284, 87, 134, 121, 64, 99, 87, 177, 114, 
    116, 132, 157, 73, 98, 486, 108, 126, 109, 146, 95, 48, 195, 
    172, 71, 91, 139, 116, 101, 97, 156, 116, 120, 72, 100, 227, 
    160, 145, 142, 115, 128, 56, 304, 151, 168, 340, 171, 140, 
    97, 131, 145, 432, 137, 124, 258, 256, 221, 166, 92, 189, 
    148, 256, 222, 149, 333, 112, 245, 181, 165, 210, 76, 492, 
    87, 112, 90, 156, 158, 146, 142, 118, 50, 489, 68, 196, 116, 
    130, 80, 220, 162, 152, 162, 220, 101, 130, 188, 158, 112, 
    104, 84, 202, 232, 328, 426, 154, 100, 144, 196, 208, 291, 
    198, 140, 441, 115, 327, 262, 75, 115, 84, 170, 126, 149, 
    102, 153, 136, 217, 424, 222, 172, 154, 312, 120, 108, 92, 
    141, 137, 454, 125, 152, 127, 131, 135, 400, 418, 78, 183, 
    108, 148, 144, 170, 161, 130, 143, 408, 153, 117, 271, 930, 
    255, 142, 120, 242, 137, 223, 268, 150, 199, 121, 91, 259, 
    446, 146, 265, 103, 170, 122, 120, 59, 124, 82, 80, 152, 
    152, 164, 101, 106, 117, 101, 179, 199, 109, 168, 119, 233, 
    130, 133, 217, 72, 267, 325, 130, 257, 273, 85, 297, 137, 
    126, 123, 317, 135, 269, 88, 91, 166, 90, 316, 142, 173, 
    87, 91, 290, 250, 116, 363, 112, 89, 347, 179, 246, 91, 177, 
    201, 149, 154, 207, 120, 125, 125, 36, 92, 259, 88, 304, 
    84, 134, 144, 199, 202, 126, 174, 100, 90, 229, 161, 328, 
    306, 256, 89, 133, 151, 93, 323, 163, 101, 153, 154, 400, 
    137, 160, 300, 127, 151, 61, 91, 77, 209, 260, 172, 126, 
    101, 80, 73, 155, 146, 145, 196, 99, 390, 135, 156, 135, 
    80, 201, 148, 231, 82, 108, 164, 227, 200, 207, 322, 180, 
    169, 158, 84, 182, 148, 124, 248, 176, 98, 153, 150, 107, 
    95, 296, 583, 192, 149, 115, 149, 102, 376, 105, 110, 148, 
    125, 96, 402, 240, 54, 261, 125, 146, 103, 348, 156, 146, 
    96, 141, 84, 284, 237, 272, 111, 567, 278, 233, 184, 170, 
    38, 161, 240, 218, 110, 156, 101), g = structure(c(2L, 2L, 
    2L, 2L, 2L, 2L, 2L, 2L, 2L, 2L, 2L, 2L, 2L, 2L, 2L, 2L, 2L, 
    2L, 2L, 2L, 2L, 2L, 2L, 2L, 2L, 2L, 2L, 2L, 2L, 2L, 2L, 2L, 
    2L, 2L, 2L, 2L, 2L, 2L, 2L, 2L, 2L, 2L, 2L, 2L, 2L, 2L, 2L, 
    2L, 2L, 2L, 2L, 1L, 1L, 1L, 1L, 1L, 1L, 1L, 1L, 1L, 1L, 1L, 
    1L, 1L, 1L, 1L, 1L, 1L, 1L, 1L, 1L, 1L, 1L, 1L, 1L, 1L, 1L, 
    1L, 1L, 1L, 1L, 1L, 1L, 1L, 1L, 1L, 1L, 1L, 1L, 1L, 1L, 1L, 
    1L, 1L, 1L, 1L, 1L, 1L, 1L, 1L, 1L, 1L, 1L, 1L, 1L, 1L, 1L, 
    1L, 1L, 1L, 1L, 1L, 1L, 1L, 1L, 1L, 1L, 1L, 1L, 1L, 1L, 1L, 
    1L, 1L, 1L, 1L, 1L, 1L, 1L, 1L, 1L, 1L, 1L, 1L, 1L, 1L, 1L, 
    1L, 1L, 1L, 1L, 1L, 1L, 1L, 1L, 1L, 1L, 1L, 1L, 1L, 1L, 1L, 
    1L, 1L, 1L, 1L, 1L, 1L, 1L, 1L, 1L, 1L, 1L, 1L, 1L, 1L, 1L, 
    1L, 1L, 1L, 1L, 1L, 1L, 1L, 1L, 1L, 1L, 1L, 1L, 1L, 1L, 1L, 
    1L, 1L, 1L, 1L, 1L, 1L, 1L, 1L, 1L, 1L, 1L, 1L, 1L, 1L, 1L, 
    1L, 1L, 1L, 1L, 1L, 1L, 1L, 1L, 1L, 1L, 1L, 1L, 1L, 1L, 1L, 
    1L, 1L, 1L, 1L, 1L, 1L, 1L, 1L, 1L, 1L, 1L, 1L, 1L, 1L, 1L, 
    1L, 1L, 1L, 1L, 1L, 1L, 1L, 1L, 1L, 1L, 1L, 1L, 1L, 1L, 1L, 
    1L, 1L, 1L, 1L, 1L, 1L, 1L, 1L, 1L, 1L, 1L, 1L, 1L, 1L, 1L, 
    1L, 1L, 1L, 1L, 1L, 1L, 1L, 1L, 1L, 1L, 1L, 1L, 1L, 1L, 1L, 
    1L, 1L, 1L, 1L, 1L, 1L, 1L, 1L, 1L, 1L, 1L, 1L, 1L, 1L, 1L, 
    1L, 1L, 1L, 1L, 1L, 1L, 1L, 1L, 1L, 1L, 1L, 1L, 1L, 1L, 1L, 
    1L, 1L, 1L, 1L, 1L, 1L, 1L, 1L, 1L, 1L, 1L, 1L, 1L, 1L, 1L, 
    1L, 1L, 1L, 1L, 1L, 1L, 1L, 1L, 1L, 1L, 1L, 1L, 1L, 1L, 1L, 
    1L, 1L, 1L, 1L, 1L, 1L, 1L, 1L, 1L, 1L, 1L, 1L, 1L, 1L, 1L, 
    1L, 1L, 1L, 1L, 1L, 1L, 1L, 1L, 1L, 1L, 1L, 1L, 1L, 1L, 1L, 
    1L, 1L, 1L, 1L, 1L, 1L, 1L, 1L, 1L), .Label = c("1", "2"), class = "factor")), .Names = c("x", 
"y", "g"),