simdat <-
structure(list(y = c(-2.8269973931362795, 0.12761264683632545, 
-0.21322157942455092, 0.33585164881462165, 1.6828466409998322, 
-2.7888848756320348, -0.46331791290126045, 5.1238661634021536, 
2.3739952485782916, -1.3428427171249149, -0.2268981134909146, 
-0.23577603203397327, -0.032262757220848759, -2.0270837317164241, 
0.71019234351340743, 0.51718483843977392, 2.457883787088385, 
-2.6040725174436918, -3.6981614665107001, -0.93615684733472648, 
2.9977226184198211, -2.6396924539332556, 1.5423779174941958, 
0.48423160224871442, -0.2340364667439, -4.6189496868431599, 2.3794439053132912, 
-1.380586978315989, 4.7451824996493182, 0.57859455621169131, 
1.4142494312194351, -2.4377146987710834, -3.5349345482629242, 
-1.33526959272143, -1.5932238120399247, -1.9719461151701871, 
2.6137782276911112, -2.0889868139230821, 0.66093398302832429, 
0.9255861844390868, -0.5662917636325876, 1.5153118742892082, 
-1.5489294949878949, 0.75906882497012329, 1.3040797801108255, 
3.6260857227966348, 0.78323069706046222, -0.28368934276905977, 
0.77718878669376923, -1.0015117128558593, -1.7556211335750536, 
1.6465650344005369, 4.1524556903394005, 2.343460894024548, -3.1189880083948616, 
-0.052107284529888255, -1.9060712897936714, 0.21429638996440792, 
-0.98032693266695536, -0.27595587484445511, 1.7544280343753615, 
5.594212695519226, -1.1650801148736019, -0.22040979609498607, 
0.61449695089314782, -1.1025894596851102, 2.9489237312861265, 
3.3565989731294854, 1.163948526809591, -0.030561852909773625, 
-0.81869486729886765, -0.57982002953041034, 1.4453796453085495, 
0.86069861878068799, -1.7406035037355221, -4.7642772066136265, 
0.39703079374928346, -2.9594222904749321, 2.0221726437312815, 
-3.6447087205852577, -2.8938754958263564, -1.3899265526673021, 
0.28022459070917555, 3.6049907056527708, 0.50319143206542916, 
4.2157863293049136, -3.5057424876231451, 3.7287748120176434, 
-0.69145845451819166, -2.3936736096493387, 2.9076833477691699, 
-2.9112719651667169, 1.2431493957842117, -1.7090100200028935, 
-0.99979177270583375, -1.6854736699909001, -0.61178329444968549, 
-3.9269790198142402, 0.59002725603531081, -4.2107454505331505, 
1.5243852956945019, -4.0092019920366306, -0.3699958373620193, 
-1.3693502255084717, 0.35005857327819573, -0.99771074069580323, 
2.1491259490718213, 1.4919591988841399, 1.5711972623692128, -1.5983712369884988, 
-2.4960971178550162, -1.584134453463979, 3.9432803220008075, 
1.421602823537369, -1.7914397746932971, -1.2060335945653371, 
1.9289576957387837, -1.6107183629673627, -1.5506204172414662, 
-1.3076352538367186, -2.031673580471256, -3.1214263159611941, 
0.44203759811654253, -0.87476266762675903, 3.0591244429440247, 
1.4323749809499271, 0.5610443182133964, -0.29897080296434414, 
-2.3751857590669716, 3.7623918018669817, 1.7953146898898273, 
2.2386876484912421, -5.0514730106442389, 0.35729667306242552, 
2.6351401019171949, -0.2889285636691743, -0.92208043131445971, 
2.6030692586162796, 5.7948665671548563, -1.39011366813078, 0.35986276582065513, 
-0.72609411687032865, 3.6731745801768967, 1.4706589873948113, 
-1.2850096398464115, -0.10721546447388278, -2.4181862797207314, 
1.0753066969853262, -1.7107106569907806, 1.7670954214315115, 
0.1206472225905301, 0.26043716139793743, 3.5525630032990656, 
-3.9462356770165998, 2.3593349701197042, 0.048652353504305246, 
1.2997974323071049, 0.087031883120561926, -2.0053652205735122, 
-0.42025679145779216, 0.021262385186272076, -2.9209559060016246, 
0.97207895293464908, -0.4309687650105688, 0.19149633308934294, 
-0.49572511062972813, -0.77660832267581503, 1.859953761037298, 
-1.193894091782898, 1.2465748751658769, 2.0185226505946465, 0.37858574377191839, 
1.6565623327958316, 0.65589087794273138, -0.94347524101757907, 
-2.7433037110278633, 0.7871733297597876, 2.4923743104309435, 
-0.86613052606083385, 0.4326184543634346, -2.1864704197398703, 
1.8820869885720448, -3.0126670661168005, 2.4503093186709464, 
-0.70949465106480047, -1.7403287358332935, 2.458138711972313, 
-0.43105303525274219, 3.8991056617862139, 0.87973409733788788, 
-1.8733642740538254, -1.3593052040738238, 0.47381513801604419, 
-2.7598375489810119, 2.7907088600200409, 2.8307221554198096, 
-0.89803804663366638, 0.7490709175889918, 1.6362431795975272, 
0.91412309491609034),