"snedecor" <-
structure(list(y = c(1.3, 1.19, 1.08, 1.26, 1.21, 1.19, 1.05, 
1, 1.05, 1.52, 1.56, 1.55), a = structure(c(1, 1, 1, 1, 1, 1, 
2, 2, 2, 2, 2, 2), .Label = c("1", "2"), class = "factor"), b = structure(c(1, 
1, 1, 2, 2, 2, 1, 1, 1, 2, 2, 2), .Label = c("1", "2"), class = "factor")), .Names = c("y", 
"a", "b"), row.names = c("1", "2", "3", "4", "5", "6", "7", "8", 
"9", "10", "11", "12"), class = "data.frame")
