"snow" <-
structure(list(year = c(50, 51, 52, 53, 54, 55, 56, 57, 58, 59, 
60, 61, 62, 63, 64, 65, 66, 67, 68, 69), nov = c(5.6, 10.8, 10.1, 
1.9, 6.4, 6, 6.8, 10.3, 3.3, 6.9, 2.4, 2.5, 5.6, 0, 4.3, 1.6, 
3.4, 0.8, 4.9, 3.8), total = c(83.3, 67.4, 32.8, 23.8, 27.1, 
36.7, 32.3, 10.9, 15.8, 21.2, 37.8, 78.8, 28.9, 28.9, 69.4, 34.5, 
74.8, 16.4, 63.2, 57)), .Names = c("year", "nov", "total"), class = "data.frame", row.names = c("1", 
"2", "3", "4", "5", "6", "7", "8", "9", "10", "11", "12", "13", 
"14", "15", "16", "17", "18", "19", "20"))
