spartina <-
structure(list(location = structure(c(1L, 1L, 1L, 1L, 1L, 1L, 
1L, 1L, 1L, 1L, 1L, 1L, 1L, 1L, 1L, 2L, 2L, 2L, 2L, 2L, 2L, 2L, 
2L, 2L, 2L, 2L, 2L, 2L, 2L, 2L, 3L, 3L, 3L, 3L, 3L, 3L, 3L, 3L, 
3L, 3L, 3L, 3L, 3L, 3L, 3L), .Label = c("OI", "SI", "SM"), class = "factor"), 
    type = structure(c(1L, 1L, 1L, 1L, 1L, 2L, 2L, 2L, 2L, 2L, 
    3L, 3L, 3L, 3L, 3L, 1L, 1L, 1L, 1L, 1L, 2L, 2L, 2L, 2L, 2L, 
    3L, 3L, 3L, 3L, 3L, 1L, 1L, 1L, 1L, 1L, 2L, 2L, 2L, 2L, 2L, 
    3L, 3L, 3L, 3L, 3L), .Label = c("DVEG", "SHRT", "TALL"), class = "factor"), 
    bio = c(676L, 516L, 1052L, 868L, 1008L, 436L, 544L, 680L, 
    640L, 492L, 984L, 1400L, 1276L, 1736L, 1004L, 396L, 352L, 
    328L, 392L, 236L, 392L, 268L, 252L, 236L, 340L, 2436L, 2216L, 
    2096L, 1660L, 2272L, 824L, 1196L, 1960L, 2080L, 1764L, 412L, 
    416L, 504L, 492L, 636L, 1756L, 1232L, 1400L, 1620L, 1560L
    ), H2S = c(-610L, -570L, -610L, -560L, -610L, -620L, -590L, 
    -610L, -580L, -610L, -540L, -560L, -570L, -580L, -640L, -610L, 
    -600L, -630L, -640L, -600L, -640L, -650L, -630L, -640L, -630L, 
    -620L, -620L, -570L, -620L, -570L, -620L, -630L, -630L, -630L, 
    -610L, -640L, -610L, -600L, -620L, -590L, -560L, -550L, -550L, 
    -540L, -570L), sal = c(33L, 35L, 32L, 30L, 33L, 33L, 36L, 
    30L, 38L, 30L, 30L, 37L, 33L, 36L, 30L, 30L, 27L, 29L, 34L, 
    36L, 30L, 28L, 31L, 31L, 35L, 29L, 35L, 35L, 30L, 30L, 26L, 
    29L, 25L, 26L, 26L, 25L, 26L, 26L, 27L, 27L, 24L, 27L, 26L, 
    28L, 28L), Eh7 = c(-290L, -268L, -282L, -232L, -318L, -308L, 
    -264L, -340L, -252L, -288L, -294L, -278L, -248L, -314L, -328L, 
    -328L, -374L, -356L, -354L, -348L, -390L, -358L, -332L, -314L, 
    -332L, -338L, -268L, -300L, -328L, -374L, -336L, -342L, -328L, 
    -332L, -322L, -290L, -352L, -280L, -290L, -328L, -332L, -276L, 
    -282L, -370L, -290L), pH = c(5, 4.75, 4.2, 4.4, 5.55, 5.05, 
    4.25, 4.45, 4.75, 4.6, 4.1, 3.45, 3.45, 4.1, 3.5, 3.25, 3.35, 
    3.2, 3.35, 3.3, 3.25, 3.25, 3.2, 3.2, 3.35, 7.1, 7.35, 7.45, 
    7.45, 7.4, 4.85, 4.6, 5.2, 4.75, 5.2, 4.55, 3.95, 3.7, 3.75, 
    4.15, 5.6, 5.35, 5.5, 5.5, 5.4), buff = c(2.34, 2.66, 4.18, 
    3.6, 1.9, 3.22, 4.5, 3.5, 2.62, 3.04, 4.66, 5.24, 6.32, 4.88, 
    4.7, 6.26, 6.36, 5.34, 4.44, 5.9, 7.06, 7.9, 7.72, 8.14, 
    7.44, -0.42, -1.04, -1.12, -0.86, -0.9, 3.72, 4.9, 2.78, 
    3.9, 3.6, 3.58, 5.58, 6.58, 6.8, 5.3, 1.22, 1.82, 1.6, 1.26, 
    1.56), P = c(20.238, 15.591, 18.716, 22.821, 37.843, 27.381, 
    21.284, 16.511, 18.199, 19.321, 16.622, 22.629, 13.015, 13.678, 
    14.663, 60.862, 77.311, 73.513, 56.762, 39.531, 39.723, 55.566, 
    35.279, 97.695, 99.169, 3.718, 2.703, 2.633, 3.148, 2.626, 
    16.715, 16.377, 21.593, 18.03, 34.693, 28.956, 25.741, 25.366, 
    17.917, 20.259, 134.426, 35.909, 38.719, 33.562, 36.346), 
    K = c(1441.67, 1299.19, 1154.27, 1045.15, 521.62, 1273.02, 
    1346.35, 1253.88, 1242.65, 1281.95, 553.69, 494.74, 525.97, 
    571.14, 408.64, 646.65, 514.03, 350.73, 496.29, 580.92, 535.82, 
    490.34, 552.39, 661.32, 672.15, 528.65, 563.13, 497.96, 458.38, 
    498.25, 936.26, 894.79, 941.36, 1038.79, 898.05, 989.87, 
    951.28, 939.83, 925.42, 954.11, 720.72, 782.09, 773.3, 829.26, 
    856.96), Ca = c(2150, 1844.76, 1750.36, 1674.36, 3360.02, 
    1811.11, 1906.63, 1860.29, 1799.02, 1796.66, 1019.56, 1373.89, 
    1057.4, 1111.29, 843.5, 1694.01, 1667.42, 1455.84, 2002.44, 
    1427.89, 1339.26, 1468.69, 1377.06, 1747.56, 1526.85, 6857.39, 
    7178, 6934.67, 6911.54, 6839.54, 1564.84, 1644.37, 1811, 
    1706.36, 1642.51, 2171.35, 1767.63, 1654.63, 1620.83, 1446.3, 
    2576.08, 2659.36, 2093.57, 2834.25, 3459.26), Mg = c(5169.05, 
    4358.03, 4041.27, 3966.08, 4609.39, 4389.84, 4579.33, 3983.09, 
    4142.4, 4263.93, 1965.95, 2366.73, 2093.1, 2108.47, 1711.42, 
    3018.6, 2444.52, 2372.91, 2241.3, 2778.22, 2807.64, 2643.62, 
    2674.65, 3060.1, 2696.8, 1778.77, 1837.54, 1586.49, 1483.41, 
    1631.32, 3828.75, 3486.84, 3517.16, 4096.67, 3593.05, 3553.17, 
    3359.17, 3545.32, 3467.92, 3170.65, 2467.52, 2772.99, 2665.02, 
    2991.99, 3059.73), Na = c(35184.5, 28170.4, 26455, 25072.9, 
    31664.2, 25491.7, 20877.3, 25621.3, 27587.3, 26511.7, 7886.5, 
    14596, 9826.8, 11978.4, 10368.6, 17307.4, 12822, 8582.6, 
    12369.5, 14731.9, 15060.6, 11056.3, 8118.9, 13009.5, 15003.7, 
    10225, 8024.2, 10393, 8711.6, 10239.6, 20436, 12519.9, 18979, 
    22986.1, 11704.5, 17721, 16485.2, 17101.3, 17849, 16949.6, 
    11344.6, 14752.4, 13649.8, 14533, 16892.2), Mn = c(14.2857, 
    7.7285, 17.8066, 49.1538, 30.5229, 9.7619, 25.7371, 10.0267, 
    9.0074, 12.714, 31.4815, 64.4393, 48.2886, 22.55, 33.433, 
    52.7993, 60.4025, 66.3797, 56.8681, 64.5076, 56.2912, 58.5863, 
    56.7497, 57.8526, 45.0128, 16.4856, 11.4075, 7.9561, 10.4945, 
    9.4637, 10.3375, 21.6672, 13.0967, 15.6061, 6.9786, 57.5856, 
    72.516, 64.4146, 53.9583, 22.6657, 51.9258, 75.1471, 71.0254, 
    70.1465, 89.2593), Zn = c(16.4524, 13.9852, 15.3276, 17.3128, 
    22.3312, 12.2778, 17.8225, 14.3516, 13.6826, 11.7566, 9.882, 
    16.6752, 12.373, 9.4058, 14.9302, 31.2865, 30.1652, 28.5901, 
    19.8795, 18.5056, 22.1344, 28.6101, 23.1908, 24.6917, 22.6758, 
    0.3729, 0.2703, 0.3205, 0.2648, 0.2105, 18.9875, 20.9687, 
    23.9841, 19.9727, 21.3864, 23.7063, 30.5589, 26.8415, 27.7292, 
    21.5699, 19.6531, 20.3295, 19.588, 20.1328, 19.242), Cu = c(5.02381, 
    4.19019, 4.79221, 4.09487, 4.60131, 4.50794, 4.91093, 5.11364, 
    4.64461, 4.58761, 1.74582, 3.21729, 2.97695, 2.71841, 1.85407, 
    3.72767, 2.99087, 2.41503, 2.45754, 2.82948, 3.43709, 3.4709, 
    3.60202, 3.92552, 4.23913, 3.41143, 3.43998, 3.29673, 3.11813, 
    2.79145, 5.76402, 5.36276, 5.48042, 5.27273, 5.71123, 3.68392, 
    3.91827, 4.06829, 3.89583, 4.70368, 4.11065, 4.09826, 4.31487, 
    6.09432, 4.87407), NH4 = c(59.524, 51.378, 68.788, 82.256, 
    70.904, 54.206, 84.982, 53.275, 47.733, 60.674, 65.875, 104.55, 
    75.612, 59.888, 77.572, 102.196, 96.418, 88.484, 91.758, 
    101.712, 179.809, 168.098, 210.316, 211.05, 185.454, 16.497, 
    13.655, 17.627, 15.291, 14.75, 95.721, 86.955, 83.935, 104.439, 
    79.773, 118.178, 123.538, 135.268, 115.417, 108.406, 57.315, 
    77.193, 68.294, 71.337, 79.383)), .Names = c("location", 
"type", "bio", "H2S", "sal", "Eh7", "pH", "buff", "P", "K", "Ca", 
"Mg", "Na", "Mn", "Zn", "Cu", "NH4"), class = "data.frame", row.names = c(NA, 
-45L))
