"succo" <-
structure(list(scelta = structure(as.integer(c(1, 1, 1, 2, 1, 
1, 1, 1, 1, 1, 1, 1, 1, 1, 1, 1, 2, 2, 2, 1, 1, 1, 1, 1, 1, 1, 
1, 1, 1, 1, 1, 1, 2, 2, 1, 1, 1, 1, 1, 1, 1, 1, 1, 1, 2, 1, 1, 
1, 1, 1, 2, 1, 1, 2, 1, 1, 1, 1, 1, 1, 1, 1, 2, 1, 1, 1, 2, 2, 
1, 1, 1, 1, 1, 1, 1, 1, 1, 1, 1, 1, 1, 1, 1, 1, 1, 1, 1, 1, 1, 
1, 1, 1, 1, 1, 1, 1, 1, 1, 1, 1, 1, 1, 1, 2, 1, 1, 1, 1, 1, 1, 
1, 2, 1, 1, 1, 1, 1, 1, 1, 1, 1, 1, 1, 1, 2, 1, 1, 1, 1, 1, 1, 
1, 1, 1, 1, 1, 1, 1, 1, 1, 1, 1, 2, 2, 1, 2, 2, 2, 2, 2, 2, 2, 
1, 1, 1, 1, 1, 1, 1, 1, 1, 1, 1, 1, 1, 1, 1, 1, 1, 1, 1, 1, 1, 
1, 1, 1, 1, 1, 1, 1, 1, 1, 1, 1, 1, 1, 1, 1, 1, 1, 1, 1, 1, 1, 
1, 1, 1, 1, 1, 1, 1, 2, 1, 1, 1, 1, 1, 1, 1, 1, 1, 1, 1, 1, 1, 
1, 1, 1, 1, 1, 1, 2, 1, 2, 1, 2, 2, 2, 2, 1, 2, 1, 1, 2, 1, 1, 
1, 1, 1, 1, 1, 1, 1, 1, 1, 1, 1, 1, 1, 1, 1, 1, 1, 1, 2, 1, 1, 
1, 2, 2, 2, 1, 1, 1, 1, 1, 2, 2, 2, 2, 2, 2, 2, 2, 2, 2, 2, 2, 
2, 2, 2, 2, 2, 2, 2, 2, 2, 2, 2, 2, 2, 2, 2, 2, 2, 2, 1, 2, 2, 
2, 1, 2, 2, 1, 2, 2, 2, 2, 1, 1, 1, 1, 1, 1, 1, 1, 2, 1, 1, 1, 
1, 1, 2, 1, 2, 1, 1, 1, 2, 1, 2, 2, 2, 2, 2, 2, 2, 2, 2, 1, 1, 
1, 1, 1, 1, 1, 1, 1, 1, 1, 1, 1, 1, 2, 2, 2, 2, 2, 1, 1, 2, 2, 
2, 2, 2, 2, 2, 2, 1, 1, 2, 2, 1, 2, 2, 1, 2, 2, 2, 2, 1, 1, 2, 
1, 2, 2, 2, 2, 2, 1, 2, 2, 2, 1, 2, 2, 1, 2, 1, 2, 2, 2, 2, 2, 
2, 2, 2, 2, 1, 2, 2, 2, 2, 2, 2, 2, 2, 2, 2, 2, 2, 2, 1, 1, 1, 
1, 1, 1, 2, 2, 2, 2, 1, 2, 2, 2, 1, 2, 2, 1, 1, 1, 1, 1, 1, 2, 
1, 1, 2, 2, 2, 1, 1, 1, 2, 1, 1, 2, 2, 2, 2, 1, 1, 1, 1, 1, 1, 
1, 1, 1, 1, 2, 2, 1, 2, 1, 1, 1, 1, 1, 1, 1, 1, 1, 1, 1, 1, 1, 
1, 1, 1, 1, 1, 1, 2, 2, 2, 2, 2, 2, 1, 1, 1, 1, 1, 1, 1, 1, 1, 
1, 1, 1, 1, 1, 1, 1, 1, 1, 1, 1, 1, 2, 2, 2, 2, 2, 1, 1, 1, 1, 
2, 1, 1, 1, 1, 1, 1, 1, 1, 2, 1, 1, 1, 2, 2, 2, 2, 2, 2, 2, 2, 
2, 1, 2, 1, 1, 2, 2, 1, 1, 2, 1, 1, 1, 1, 2, 2, 1, 2, 2, 2, 1, 
2, 1, 2, 1, 1, 1, 1, 1, 1, 1, 1, 1, 1, 1, 1, 1, 2, 1, 1, 1, 1, 
1, 1, 1, 1, 1, 1, 1, 1, 1, 1, 1, 1, 1, 1, 1, 1, 1, 2, 1, 1, 1, 
1, 1, 1, 1, 1, 1, 1, 1, 1, 1, 1, 1, 1, 2, 1, 2, 1, 1, 2, 1, 1, 
1, 1, 1, 2, 2, 1, 2, 1, 1, 1, 1, 1, 1, 1, 1, 1, 1, 1, 1, 1, 1, 
1, 1, 2, 1, 1, 1, 1, 1, 2, 2, 2, 2, 2, 1, 1, 1, 2, 2, 1, 1, 1, 
2, 1, 2, 2, 2, 2, 2, 2, 2, 2, 2, 2, 2, 2, 2, 2, 2, 2, 2, 2, 2, 
2, 2, 2, 2, 2, 2, 2, 2, 2, 2, 2, 2, 2, 2, 2, 2, 2, 2, 2, 2, 2, 
2, 2, 2, 2, 2, 2, 2, 2, 1, 1, 1, 2, 2, 2, 2, 2, 1, 2, 2, 2, 1, 
1, 1, 1, 1, 2, 1, 2, 2, 2, 1, 1, 1, 2, 1, 2, 1, 1, 2, 2, 2, 1, 
1, 1, 1, 1, 1, 1, 1, 2, 2, 2, 2, 2, 2, 2, 1, 2, 2, 1, 1, 1, 1, 
1, 2, 2, 2, 2, 1, 1, 2, 2, 1, 2, 2, 2, 2, 2, 2, 2, 2, 2, 1, 1, 
1, 1, 1, 1, 1, 1, 1, 1, 1, 1, 1, 1, 1, 1, 1, 1, 1, 1, 1, 1, 1, 
1, 1, 1, 1, 1, 1, 1, 2, 2, 2, 2, 2, 1, 2, 2, 2, 1, 2, 1, 2, 2, 
2, 2, 2, 2, 1, 1, 1, 1, 1, 1, 1, 1, 1, 1, 1, 1, 2, 1, 1, 2, 1, 
1, 2, 1, 1, 1, 2, 2, 1, 1, 1, 1, 2, 1, 1, 1, 1, 1, 2, 1, 2, 1, 
1, 1, 1, 1, 1, 1, 1, 1, 1, 1, 1, 1, 1, 1, 1, 1, 2, 1, 2, 2, 1, 
1, 1, 2, 2, 1, 2, 2, 2, 1, 2, 2, 1, 1, 1, 2, 2, 2, 2, 2, 2, 2, 
2, 1, 1, 1, 1, 2, 2, 2, 2, 2, 2, 2, 2, 2, 2, 2, 2, 2, 2, 2, 2, 
2, 2, 2, 2, 1, 1, 2, 2, 2, 2, 2, 2, 1, 2, 2, 1, 2, 2, 2, 2, 2, 
2, 1, 2, 2, 2, 2, 2, 2, 2, 1, 1, 2, 1, 1, 1, 2, 1, 1, 2, 2, 2, 
2, 2, 2, 2, 1, 2, 1, 2, 2, 2, 2, 2, 2, 2, 1, 2, 1, 1, 1, 1, 1, 
1, 1, 1, 1, 1, 1, 2, 2, 1, 2, 1, 1, 1, 1, 1, 1, 1, 1, 1, 1, 1, 
1, 2, 2, 2, 2, 1, 1, 1, 1, 1, 1, 1, 1, 1, 1, 2, 1, 1, 1, 1, 1, 
2, 1, 1, 1, 1, 2, 2, 2, 1, 1, 1, 1, 2, 1, 1)), .Label = c("CH", 
"MM"), class = "factor"), ID.cliente = as.integer(c(2125401, 
2125401, 2125401, 2125849, 2126904, 2126904, 2126904, 2126904, 
2126904, 2126904, 2126904, 2126904, 2126904, 2127001, 2127001, 
2127001, 2127019, 2127019, 2127019, 2127027, 2127027, 2127027, 
2127027, 2127027, 2127027, 2127027, 2127027, 2127027, 2127027, 
2127027, 2127191, 2127191, 2127191, 2127548, 2127548, 2127548, 
2127548, 2127688, 2128058, 2128231, 2128231, 2128231, 2128231, 
2128231, 2128231, 2128231, 2128231, 2128231, 2128231, 2128231, 
2128231, 2128231, 2128231, 2128231, 2128231, 2128231, 2128231, 
2128231, 2128231, 2128231, 2128231, 2128231, 2128231, 2128231, 
2128231, 2128231, 2128231, 2128231, 2128231, 2128231, 2128231, 
2128231, 2128231, 2128231, 2128363, 2128363, 2128363, 2128363, 
2128363, 2128363, 2128363, 2128363, 2128363, 2128363, 2128363, 
2128363, 2128363, 2128389, 2128389, 2128389, 2128769, 2128769, 
2128785, 2128785, 2129726, 2129726, 2129791, 2129882, 2129882, 
2129882, 2129882, 2129882, 2129882, 2129882, 2129882, 2129882, 
2129882, 2129882, 2129882, 2129882, 2129882, 2129882, 2129882, 
2129882, 2129882, 2129882, 2129882, 2129882, 2129882, 2129882, 
2129882, 2129882, 2129882, 2129882, 2129882, 2129882, 2129882, 
2129882, 2129882, 2129882, 2129882, 2129882, 2129882, 2129882, 
2129882, 2129882, 2129882, 2129882, 2129882, 2129908, 2130039, 
2130153, 2130153, 2130153, 2130153, 2130856, 2130856, 2130856, 
2130856, 2130856, 2130856, 2130856, 2131060, 2131060, 2131060, 
2131060, 2131060, 2131060, 2131060, 2131060, 2131060, 2131060, 
2131060, 2131060, 2131060, 2131060, 2131060, 2131060, 2131060, 
2131367, 2131631, 2131631, 2131631, 2131631, 2131631, 2131631, 
2131631, 2131631, 2131631, 2131631, 2131631, 2131631, 2131631, 
2131631, 2131631, 2131631, 2131631, 2131631, 2131631, 2131631, 
2131631, 2131631, 2131631, 2131631, 2131631, 2131631, 2131631, 
2131631, 2131631, 2131631, 2131631, 2132936, 2132936, 2132936, 
2132936, 2132936, 2132936, 2132936, 2132936, 2132936, 2132936, 
2132936, 2132936, 2132936, 2132936, 2132936, 2132936, 2132936, 
2132936, 2132936, 2132936, 2133256, 2133256, 2133256, 2133256, 
2133256, 2133538, 2133538, 2133538, 2133751, 2133751, 2134775, 
2134775, 2134775, 2134775, 2134775, 2134775, 2134775, 2134775, 
2134775, 2134775, 2134775, 2134775, 2134775, 2134775, 2134775, 
2134775, 2134775, 2134775, 2134775, 2134775, 2134775, 2134775, 
2134775, 2134775, 2135111, 2135111, 2135343, 2135343, 2135343, 
2135343, 2135343, 2135343, 2135343, 2135343, 2135343, 2136093, 
2136127, 2136127, 2136325, 2136325, 2136325, 2136325, 2136838, 
2136838, 2136838, 2136838, 2136838, 2136838, 2136838, 2136838, 
2136838, 2136838, 2136838, 2136838, 2136838, 2136838, 2136838, 
2136838, 2136838, 2136838, 2136838, 2136838, 2136838, 2136838, 
2136838, 2137778, 2137778, 2137778, 2137778, 2137778, 2137778, 
2137778, 2137778, 2137778, 2137778, 2137778, 2137778, 2137778, 
2137778, 2137778, 2137778, 2137778, 2137778, 2137778, 2137778, 
2137786, 2137786, 2137786, 2137828, 2137828, 2137828, 2138081, 
2138081, 2138685, 2138685, 2138685, 2138685, 2138685, 2139246, 
2139469, 2139469, 2139709, 2139709, 2139709, 2139709, 2139709, 
2139709, 2139709, 2140103, 2140103, 2140103, 2140103, 2140103, 
2140103, 2140103, 2140103, 2140103, 2140103, 2140103, 2140103, 
2140103, 2140640, 2140640, 2140681, 2140681, 2140681, 2141697, 
2141697, 2142190, 2142232, 2142422, 2142422, 2142695, 2142695, 
2142976, 2142976, 2142976, 2142976, 2142976, 2142976, 2142976, 
2142976, 2143180, 2143180, 2143180, 2143495, 2143495, 2143495, 
2143495, 2143495, 2143495, 2143495, 2143644, 2143644, 2143644, 
2143644, 2143644, 2143644, 2143644, 2143644, 2143644, 2143644, 
2143644, 2143644, 2143644, 2143644, 2143644, 2143644, 2143644, 
2143644, 2143644, 2143644, 2143644, 2143644, 2143644, 2143768, 
2143768, 2143768, 2143768, 2143768, 2144030, 2144030, 2144030, 
2144030, 2144030, 2144030, 2144030, 2144030, 2144030, 2144030, 
2144030, 2144865, 2144865, 2144956, 2144956, 2146605, 2146605, 
2146605, 2146605, 2146605, 2146605, 2147157, 2147157, 2147157, 
2147157, 2147157, 2147157, 2147173, 2147173, 2147173, 2147173, 
2147173, 2147173, 2147173, 2147173, 2147207, 2147207, 2147207, 
2147207, 2147207, 2147207, 2147207, 2147207, 2147207, 2147207, 
2147207, 2147207, 2147207, 2147207, 2147553, 2147660, 2147660, 
2147660, 2147660, 2147660, 2147660, 2147660, 2147660, 2147660, 
2147819, 2147819, 2147819, 2147819, 2147884, 2148098, 2148098, 
2148098, 2148098, 2148098, 2148098, 2148536, 2148536, 2149096, 
