# Commento
"suicidi" <-
structure(list(n = c(1720, 1712, 1924, 1882, 1870, 1680, 1868, 
1801, 1756, 1760, 1666, 1733), giorni = c(31, 29, 31, 30, 31, 
30, 31, 31, 30, 31, 30, 31), stag = structure(c(1, 1, 2, 2, 2, 
3, 3, 3, 4, 4, 4, 1), .Label = c("1", "2", "3", "4"), class = "factor")), .Names = c("n", 
"giorni", "stag"), row.names = c("1", "2", "3", "4", "5", "6", 
"7", "8", "9", "10", "11", "12"), class = "data.frame")
