"titan" <-
structure(list(Class = structure(c(1, 1, 1, 1, 2, 2, 2, 2, 3, 
3, 3, 3, 4, 4, 4, 4), .Label = c("1st", "2nd", "3rd", "Crew"), class = "factor"), 
    Sex = structure(c(1, 1, 2, 2, 1, 1, 2, 2, 1, 1, 2, 2, 1, 
    1, 2, 2), .Label = c("Male", "Female"), class = "factor"), 
    Age = structure(c(1, 2, 1, 2, 1, 2, 1, 2, 1, 2, 1, 2, 1, 
    2, 1, 2), .Label = c("Child", "Adult"), class = "factor"), 
    No = c(0, 118, 0, 4, 0, 154, 0, 13, 35, 387, 17, 89, 0, 670, 
    0, 3), Yes = c(5, 57, 1, 140, 11, 14, 13, 80, 13, 75, 14, 
    76, 0, 192, 0, 20)), .Names = c("Class", "Sex", "Age", "No", 
"Yes"), row.names = c("1", "2", "3", "4", "5", "6", "7", "8", 
"9", "10", "11", "12", "13", "14", "15", "16"), class = "data.frame")
