"tobacco" <-
structure(list(y = c(10, 11, 13, 9, 7, 16, 50, 16, 4, 18, 60, 
27, 5, 21, 125, 91), ny = c(38, 26, 36, 8, 27, 35, 60, 19, 12, 
16, 49, 14, 8, 20, 52, 27), tabacco = c(0, 1, 2, 3, 0, 1, 2, 
3, 0, 1, 2, 3, 0, 1, 2, 3), alcol = c(0, 0, 0, 0, 1, 1, 1, 1, 
2, 2, 2, 2, 3, 3, 3, 3)), .Names = c("y", "ny", "tabacco", "alcol"
), row.names = c("1", "2", "3", "4", "5", "6", "7", "8", "9", 
"10", "11", "12", "13", "14", "15", "16"), class = "data.frame")
