"topi" <-
structure(list(y = c(1, 3, 7, 20, 98, 118), ny = c(204, 301, 
186, 742, 790, 469), dose = c(0, 0.45, 0.75, 0, 0.45, 0.75), 
    tempo = c(16, 16, 16, 24, 24, 24)), .Names = c("y", "ny", 
"dose", "tempo"), row.names = c("1", "2", "3", "4", "5", "6"), class = "data.frame")
