"toxo" <-
structure(list(rainf = c(1735, 1936, 2000, 1973, 1750, 1800, 
1750, 2077, 1920, 1800, 2050, 1830, 1650, 2200, 2000, 1770, 1920, 
1770, 2240, 1620, 1756, 1650, 2250, 1796, 1890, 1871, 2063, 2100, 
1918, 1834, 1780, 1900, 1976, 2292), ppos = c(0.5, 0.3, 0.2, 
0.3, 1, 0.6, 0.25, 0.368, 0.5, 0.8, 0.292, 0, 0.5, 0.182, 0, 
0.545, 0, 0.611, 0.444, 0.278, 0.167, 0, 0.727, 0.532, 0.471, 
0.438, 0.561, 0.692, 0.535, 0.707, 0.615, 0.3, 0.167, 0.622), 
    n = c(4, 10, 5, 10, 2, 5, 8, 19, 6, 10, 24, 1, 30, 22, 1, 
    11, 1, 54, 9, 18, 12, 1, 11, 77, 51, 16, 82, 13, 43, 75, 
    13, 10, 6, 37)), .Names = c("rainf", "ppos", "n"), row.names = c("1", 
"2", "3", "4", "5", "6", "7", "8", "9", "10", "11", "12", "13", 
"14", "15", "16", "17", "18", "19", "20", "21", "22", "23", "24", 
"25", "26", "27", "28", "29", "30", "31", "32", "33", "34"), class = "data.frame")
