"train" <-
structure(list(glutest = c(367, 296, 1001, 277, 306, 472, 538, 
558, 328, 336, 327, 670, 356, 1354, 352, 269, 289, 1263, 465, 
353, 466, 527, 319, 319, 857, 356, 296, 393, 477, 469, 1487, 
478, 306, 533, 1133, 332, 522, 373, 1113, 1568, 847, 290, 972, 
356, 378, 323, 350, 393, 439, 1183, 958, 333, 312, 636, 390, 
398, 403, 379, 291, 643, 923, 413, 849, 325, 334, 503, 455, 365, 
376, 517, 351, 476, 398, 472, 568, 323, 364, 472, 318, 967, 359, 
486, 304, 456, 1468, 1520, 335, 378, 426, 1428, 920, 741, 360, 
391, 385, 429, 442, 1373, 599, 391), glufast = c(100, 97, 213, 
98, 93, 93, 124, 111, 86, 99, 90, 130, 90, 339, 100, 80, 97, 
265, 96, 91, 99, 105, 86, 105, 151, 80, 85, 86, 110, 101, 303, 
98, 87, 103, 260, 96, 110, 85, 216, 346, 146, 78, 190, 96, 102, 
89, 100, 80, 88, 233, 188, 80, 86, 120, 82, 100, 107, 97, 94, 
114, 180, 90, 149, 86, 85, 107, 75, 98, 93, 95, 83, 92, 99, 89, 
112, 90, 90, 102, 93, 203, 99, 108, 88, 96, 300, 330, 78, 90, 
94, 353, 195, 138, 70, 93, 100, 100, 92, 275, 102, 95), instest = c(182, 
131, 42, 222, 220, 285, 460, 748, 106, 143, 192, 44, 199, 10, 
172, 121, 117, 83, 237, 221, 287, 480, 144, 143, 145, 124, 116, 
115, 124, 607, 23, 151, 178, 120, 118, 151, 325, 174, 81, 15, 
103, 136, 87, 112, 165, 73, 221, 202, 208, 73, 100, 131, 208, 
314, 375, 122, 267, 142, 94, 155, 77, 344, 159, 179, 118, 320, 
392, 145, 195, 564, 81, 433, 76, 162, 232, 240, 152, 297, 73, 
138, 185, 297, 134, 326, 28, 13, 241, 136, 213, 41, 160, 219, 
134, 221, 192, 201, 109, 45, 266, 137), class = structure(c(3, 
3, 1, 3, 3, 2, 1, 2, 3, 3, 3, 1, 3, 1, 3, 3, 3, 1, 2, 3, 2, 2, 
3, 3, 1, 3, 3, 3, 2, 2, 1, 2, 3, 2, 1, 3, 2, 3, 1, 1, 1, 3, 1, 
3, 3, 3, 3, 3, 2, 1, 1, 3, 3, 1, 3, 3, 3, 3, 3, 2, 1, 2, 1, 3, 
3, 2, 2, 3, 3, 2, 3, 2, 3, 2, 2, 3, 3, 2, 3, 1, 3, 2, 3, 2, 1, 
1, 3, 3, 2, 1, 1, 1, 3, 3, 3, 2, 2, 1, 2, 3), class = "factor", .Label = c("1", 
"2", "3"))), .Names = c("glutest", "glufast", "instest", "class"
), row.names = c("106", "79", "20", "109", "121", "65", "19", 
"43", "115", "101", "93", "23", "142", "27", "97", "113", "71", 
"28", "42", "80", "51", "49", "122", "72", "13", "70", "88", 
"136", "53", "46", "2", "34", "81", "69", "15", "124", "58", 
"104", "5", "33", "18", "82", "6", "117", "110", "126", "76", 
"85", "35", "17", "26", "130", "84", "24", "133", "128", "138", 
"78", "112", "68", "30", "39", "16", "98", "116", "44", "61", 
"96", "137", "56", "127", "59", "143", "37", "48", "74", "86", 
"54", "114", "10", "87", "47", "91", "55", "1", "21", "107", 
"90", "40", "29", "11", "25", "100", "141", "135", "36", "62", 
"14", "52", "132"), class = "data.frame")
