"treni" <-
structure(list(n = c(3, 6, 4, 7, 6, 2, 2, 4, 1, 7, 3, 5, 6, 1
), miglia = c(281, 276, 268, 269, 281, 271, 265, 264, 267, 265, 
267, 260, 231, 249), anno = c(70, 71, 72, 73, 74, 75, 76, 77, 
78, 79, 80, 81, 82, 83)), .Names = c("n", "miglia", "anno"), row.names = c("1", 
"2", "3", "4", "5", "6", "7", "8", "9", "10", "11", "12", "13", 
"14"), class = "data.frame")
