"tukey" <-
structure(list(y = c(34, 9, 23, 19, 16, 59, 101, 185, 97, 68, 
22, 11, 5, 8, 15, 40, 52, 118, 108, 103), ny = c(2070, 4263, 
2812, 2766, 1914, 1438, 859, 467, 89, 1, 1930, 3900, 2984, 2598, 
1871, 1484, 961, 737, 179, 22), sesso = structure(c(1, 1, 1, 
1, 1, 1, 1, 1, 1, 1, 2, 2, 2, 2, 2, 2, 2, 2, 2, 2), .Label = c("1", 
"2"), class = "factor"), eta = c(2.5, 10, 20, 30, 40, 50, 60, 
71, 80, 85, 2.5, 10, 20, 30, 40, 50, 60, 71, 80, 85)), .Names = c("y", 
"ny", "sesso", "eta"), row.names = c("1", "2", "3", "4", "5", 
"6", "7", "8", "9", "10", "11", "12", "13", "14", "15", "16", 
"17", "18", "19", "20"), class = "data.frame")
