"vendite" <-
structure(list(Pub = c(9.73, 11.19, 8.75, 6.25, 9.1, 9.71, 9.31, 
11.77, 8.82, 9.82, 16.28, 15.77, 10.44, 9.14, 13.29, 13.3, 14.05, 
14.36, 15.21, 17.41, 18.66, 17.17), TV = c(0, 0, 5, 5, 10, 10, 
15, 15, 20, 20, 25, 25, 30, 30, 35, 35, 40, 40, 45, 45, 50, 50
), Giornali = c(20, 20, 5, 5, 10, 10, 15, 15, 5, 5, 25, 25, 0, 
0, 5, 5, 10, 10, 15, 15, 20, 20)), .Names = c("Pub", "TV", "Giornali"
), class = "data.frame", row.names = c("1", "2", "3", "4", "5", 
"6", "7", "8", "9", "10", "11", "12", "13", "14", "15", "16", 
"17", "18", "19", "20", "21", "22"))
