"vino" <-
structure(list(MY = c(1727.94, 1145.59, 1532.35, 164.71, 108.82, 
236.76, 1567.65, 1200, 1654.41, 1748.53, 1536.76, 1704.41, 1297.06, 
1545.59, 1607.35, 1448.53, 1529.41, 1689.71, 1222.06, 1301.47, 
1330.88, 1558.82, 1595.59, 530.88, 577.94, 619.12, 576.47, 533.82, 
297.06, 1226.47, 1200, 1351.47, 1350, 1405.88, 1844.12, 1092.65, 
1025, 913.24, 1257.35, 1666.18, 1494.12, 216.18, 270.59, 258.82, 
239.71, 263.24, 258.82, 241.18, 260.29, 244.12, 186.76, 1123.53, 
782.35, 260.29, 507.35, 914.71, 1544.12, 1251.47, 548.53, 600, 
472.06, 432.35, 1214.71, 1408.82, 1457.35, 1376.47, 1629.41, 
1654.41, 1522.06, 1239.71, 1498.53, 1477.94, 1525, 1325, 1194.12, 
1267.65, 1630.88, 1223.53, 1598.53, 233.82, 1451.47, 1235.29, 
235.29, 230.88, 182.35, 958.82, 2135.29, 1705.88, 2352.94, 2669.12, 
1986.76, 2611.76, 792.65, 594.12, 557.35, 472.06, 411.76, 541.18, 
552.94, 442.65, 941.18, 569.12, 592.65, 607.35, 755.88, 2247.06, 
2400, 2452.94, 2433.82, 872.06, 385.29, 307.35, 444.12, 472.06, 
536.76, 363.24, 330.88, 2197.06, 316.18, 894.12, 522.06, 485.29, 
650, 688.24, 620.59, 557.35, 561.76, 510.29, 654.41, 2744.12, 
2622.06, 514.71, 367.65, 1129.41, 2308.82, 594.12, 647.06, 313.24, 
1625, 523.53, 214.71, 1842.65, 1189.71, 1463.24, 1113.24, 811.76, 
1627.94, 354.41, 2020.59, 1694.12, 2780.88, 772.06, 1661.76, 
1855.88, 998.53, 1388.24, 1516.18, 1594.12, 1339.71, 1708.82, 
1638.24, 1260.29, 1388.24, 1675, 925, 1385.29, 1448.53, 1352.94, 
1147.06, 1411.76, 617.65, 1066.18, 838.24, 1301.47, 882.35, 1279.41, 
1235.29, 1088.24, 1588.24, 895.59, 919.12, 1602.94, 1705.88, 
1419.12, 1367.65, 1323.53, 1213.24, 1323.53, 1176.47, 1360.29, 
1279.41, 882.35, 1323.53, 1323.53, 970.59, 1183.82, 1330.88, 
1301.47, 1522.06, 1397.06, 1397.06, 1779.41, 1147.06, 1176.47, 
1544.12, 977.94, 1139.71, 1411.76, 1323.53, 1352.94, 375, 367.65, 
411.76, 419.12, 1227.94, 1117.65, 1441.18, 1470.59, 992.65, 1294.12, 
1411.76, 970.59, 1338.24, 220.59, 1367.65, 1000, 1169.12, 1044.12, 
1044.12, 963.24, 551.47, 1235.29, 882.35, 897.06, 323.53, 985.29, 
1294.12, 889.71, 404.41, 1558.82, 1095.59, 1080.88, 1661.76, 
1397.06, 294.12, 845.59, 1433.82, 1227.94, 1051.47, 1132.35, 
1080.88, 1036.76, 1286.76, 1360.29, 1117.65, 316.18, 1632.35, 
1073.53, 1522.06, 1294.12, 1161.76, 1426.47, 992.65, 1617.65, 
1623.53, 1345.59, 1367.65, 1404.41, 1067.65, 1294.12, 1382.35, 
1029.41, 875, 1455.88, 1779.41, 1352.94, 1808.82, 1500, 2007.35, 
1360.29, 1889.71, 1772.06, 1051.47, 1154.41, 1514.71, 1566.18, 
1080.88, 1419.12, 1485.29, 1573.53, 1623.53, 1544.12, 1386.76, 
1272.06, 1757.35, 1441.18, 1735.29, 1507.35, 1419.12, 1625, 1426.47, 
1705.88, 1573.53, 1551.47, 1955.88, 1882.35, 1823.53, 1698.53, 
1875, 1411.76, 1698.53, 1698.53, 2279.41, 1639.71, 1779.41, 1213.24, 
1088.24, 1522.06, 2220.59, 1617.65, 1155.88, 1338.24, 2080.88, 
1323.53, 1330.88, 1727.94, 1691.18, 1367.65, 1626.47, 1676.47, 
977.94, 979.41, 964.71, 1635.29, 1763.24, 1619.12, 1644.12, 1448.53, 
1757.35, 1830.88, 1529.41, 1514.71, 1477.94, 1264.71), SC = c(323.53, 
211.76, 242.65, 32.35, 10.29, 35.29, 179.41, 163.24, 291.18, 
285.29, 251.47, 323.53, 335.29, 311.76, 276.47, 272.06, 291.18, 
270.59, 210.29, 236.76, 194.12, 255.88, 300, 100, 108.82, 119.12, 
119.12, 107.35, 22.06, 200, 205.88, 238.24, 250, 250, 245.59, 
164.71, 120.59, 158.82, 148.53, 202.94, 192.65, 35.29, 23.53, 
33.82, 23.53, 33.82, 35.29, 27.94, 30.88, 20.59, 19.12, 166.18, 
130.88, 52.94, 83.82, 160.29, 244.12, 207.35, 113.24, 122.06, 
80.88, 80.88, 227.94, 232.35, 239.71, 217.65, 227.94, 223.53, 
248.53, 194.12, 244.12, 241.18, 226.47, 248.53, 214.71, 194.12, 
266.18, 229.41, 275, 23.53, 223.53, 194.12, 11.76, 10.29, 10.29, 
120.59, 277.94, 279.41, 345.59, 492.65, 283.82, 372.06, 129.41, 
85.29, 86.76, 72.06, 66.18, 102.94, 111.76, 27.94, 148.53, 108.82, 
85.29, 98.53, 123.53, 308.82, 325, 466.18, 335.29, 170.59, 23.53, 
26.47, 69.12, 42.65, 116.18, 27.94, 29.41, 342.65, 44.12, 150, 
108.82, 76.47, 95.59, 105.88, 94.12, 111.76, 86.76, 111.76, 58.82, 
372.06, 375, 73.53, 30.88, 152.94, 394.12, 85.29, 92.65, 30.88, 
211.76, 75, 14.71, 242.65, 161.76, 251.47, 213.24, 104.41, 316.18, 
19.12, 357.35, 289.71, 280.88, 127.94, 219.12, 279.41, 151.47, 
219.12, 200, 194.12, 201.47, 279.41, 219.12, 176.47, 201.47, 
244.12, 147.06, 205.88, 242.65, 242.65, 185.29, 235.29, 110.29, 
191.18, 117.65, 250, 139.71, 250, 279.41, 227.94, 264.71, 139.71, 
139.71, 235.29, 250, 257.35, 235.29, 213.24, 294.12, 235.29, 
198.53, 235.29, 213.24, 132.35, 257.35, 227.94, 154.41, 250, 
264.71, 323.53, 279.41, 220.59, 235.29, 220.59, 235.29, 235.29, 
257.35, 227.94, 205.88, 205.88, 235.29, 213.24, 51.47, 44.12, 
51.47, 44.12, 205.88, 294.12, 183.82, 205.88, 161.76, 227.94, 
220.59, 147.06, 183.82, 29.41, 235.29, 198.53, 250, 183.82, 183.82, 
161.76, 95.59, 205.88, 169.12, 117.65, 36.76, 169.12, 198.53, 
191.18, 44.12, 242.65, 176.47, 154.41, 205.88, 198.53, 44.12, 
139.71, 169.12, 205.88, 205.88, 205.88, 213.24, 169.12, 191.18, 
257.35, 250, 29.41, 213.24, 213.24, 345.59, 294.12, 198.53, 257.35, 
191.18, 279.41, 194.12, 286.76, 191.18, 197.06, 135.29, 286.76, 
294.12, 191.18, 161.76, 147.06, 95.59, 294.12, 191.18, 154.41, 
205.88, 264.71, 367.65, 242.65, 242.65, 264.71, 345.59, 338.24, 
191.18, 235.29, 323.53, 330.88, 330.88, 323.53, 154.41, 169.12, 
198.53, 250, 191.18, 161.76, 250, 227.94, 220.59, 191.18, 272.06, 
235.29, 200, 132.35, 272.06, 455.88, 301.47, 213.24, 213.24, 
367.65, 338.24, 235.29, 360.29, 242.65, 323.53, 154.41, 404.41, 
272.06, 123.53, 338.24, 220.59, 272.06, 301.47, 375, 308.82, 
338.24, 241.18, 291.18, 95.59, 114.71, 226.47, 261.76, 279.41, 
358.82, 333.82, 250, 338.24, 389.71, 264.71, 301.47, 213.24, 
227.94),