"voti" <-
structure(list(Algebra = c(28, 30, 30, 26, 24, 24, 30, 26, 29, 
26, 26, 29, 21, 22, 27, 24, 26, 25, 28, 25, 27, 25, 24, 25, 22, 
27, 22, 28, 21, 25, 24, 25, 30, 26, 22, 26, 29, 23, 23, 24, 27, 
25, 20, 24, 22, 28, 22, 22, 24, 23, 28, 25, 20, 24, 21, 20, 27, 
24, 23, 26, 28, 26, 24, 27, 27, 22, 26, 30, 19, 24, 24, 25, 28, 
27, 27, 26, 20, 21, 21, 24, 23, 26, 27, 21, 27, 23, 22, 30, 30, 
21, 27, 22, 24, 25, 24, 25, 22, 22, 27, 25, 19, 30, 27, 30, 24, 
26, 25, 27, 28, 30, 28, 27, 24, 25, 25, 22, 30, 23, 22, 28, 26, 
30, 30, 26, 25, 24, 27, 28, 30, 27, 29, 24, 30, 25, 24, 20, 28, 
24, 22, 25, 28, 19, 19, 24, 30, 29, 30, 28, 22, 19, 23, 28, 25, 
25, 21, 30, 24, 24, 24, 26, 20, 26, 28, 25, 29, 21, 23, 30, 18, 
23, 28, 20, 27, 19, 28, 24, 26, 24, 25, 30, 23, 25, 31, 24, 28, 
27, 27, 27, 26, 30, 23, 27, 30, 26, 19, 30, 26, 20, 30, 29, 26, 
21, 30, 24, 29, 23, 30, 30, 19, 30, 25, 30, 30, 30, 28, 30, 22, 
30, 21, 23, 22, 28, 28, 23, 25, 18, 24, 28, 21, 23, 30, 22, 24, 
29, 30, 20, 30, 27, 21, 30, 30, 28, 24, 25, 21, 26, 23, 30, 24, 
20, 23, 26, 19, 25, 30, 30, 21, 20, 24, 26, 25, 30, 25, 25, 23, 
23, 29, 30, 30, 23, 19, 26, 24, 18, 23, 18, 23, 21, 23, 21, 18, 
24, 25, 18, 23, 24, 24, 19, 27, 18, 18, 30, 21, 24, 24, 31, 27, 
23, 27, 18, 23, 22, 21, 20, 23, 28, 30, 20, 20, 23, 28, 20, 21, 
26, 20, 22, 29, 31, 24, 19, 29, 18, 30, 23, 20, 22, 25, 18, 20, 
19, 19, 18, 19, 28, 23, 20, 22, 25, 25, 24, 19, 25, 20, 31, 20, 
18, 18, 18, 24, 21, 23, 20, 25, 31, 30, 25, 19, 27, 25, 30, 24, 
28, 24, 25, 28, 30, 27, 24, 20, 18, 27, 21, 31, 24, 25, 28, 23, 
30, 31, 28), Analisi1 = c(30, 31, 27, 18, 27, 18, 25, 27, 25, 
25, 25, 20, 24, 28, 23, 31, 30, 21, 28, 20, 21, 18, 20, 20, 23, 
23, 22, 23, 21, 26, 23, 26, 23, 23, 25, 24, 27, 27, 27, 24, 21, 
25, 24, 21, 19, 26, 31, 26, 25, 18, 30, 21, 22, 20, 21, 24, 22, 
20, 24, 23, 20, 25, 22, 25, 18, 20, 26, 24, 23, 24, 21, 25, 27, 
22, 21, 25, 19, 24, 24, 24, 24, 19, 19, 21, 26, 22, 20, 31, 27, 
19, 21, 18, 24, 20, 24, 21, 22, 28, 28, 19, 21, 20, 25, 28, 30, 
25, 20, 25, 19, 24, 23, 25, 28, 19, 19, 26, 26, 23, 19, 30, 28, 
28, 28, 19, 20, 24, 27, 24, 25, 24, 21, 22, 26, 23, 19, 24, 20, 
23, 24, 20, 21, 30, 20, 27, 25, 20, 25, 18, 24, 19, 25, 21, 23, 
18, 21, 26, 19, 26, 26, 21, 19, 27, 21, 20, 24, 21, 19, 20, 18, 
18, 25, 25, 24, 18, 27, 20, 21, 19, 24, 27, 19, 20, 30, 27, 27, 
28, 21, 22, 21, 30, 27, 24, 25, 27, 21, 22, 21, 26, 22, 23, 27, 
19, 26, 18, 22, 23, 31, 30, 20, 24, 21, 28, 25, 23, 23, 21, 27, 
27, 26, 25, 20, 21, 20, 21, 30, 23, 20, 22, 21, 27, 30, 21, 24, 
30, 24, 18, 24, 23, 18, 24, 26, 25, 24, 24, 23, 21, 20, 22, 26, 
26, 21, 19, 20, 27, 27, 23, 22, 21, 21, 19, 24, 26, 22, 28, 20, 
29, 23, 27, 22, 23, 27, 20, 28, 22, 27, 20, 20, 23, 20, 22, 19, 
27, 25, 24, 28, 27, 22, 21, 25, 20, 19, 24, 24, 25, 23, 26, 24, 
25, 24, 18, 24, 25, 20, 24, 19, 28, 26, 22, 21, 23, 20, 20, 22, 
24, 25, 26, 27, 22, 21, 23, 31, 19, 30, 23, 21, 20, 25, 18, 23, 
24, 18, 25, 20, 24, 24, 19, 23, 22, 25, 25, 20, 27, 22, 30, 20, 
18, 18, 20, 28, 22, 25, 21, 24, 26, 30, 25, 24, 23, 25, 28, 22, 
24, 29, 25, 28, 28, 19, 21, 26, 25, 26, 23, 28, 23, 27, 26, 21, 
26, 24, 24), Analisi2 = c(27, 30, 27, 18, 23, 18, 27, 28, 25, 
21, 18, 27, 20, 24, 23, 24, 24, 20, 26, 20, 21, 19, 23, 18, 18, 
26, 26, 20, 19, 20, 24, 28, 27, 20, 26, 21, 24, 24, 22, 19, 24, 
22, 24, 25, 22, 27, 24, 19, 24, 20, 30, 24, 20, 24, 24, 22, 24, 
22, 19, 24, 19, 21, 22, 20, 28, 21, 22, 25, 19, 19, 21, 27, 27, 
24, 25, 23, 25, 25, 24, 23, 21, 25, 25, 18, 22, 18, 19, 30, 24, 
18, 24, 24, 22, 23, 22, 21, 20, 27, 27, 25, 19, 25, 28, 28, 26, 
21, 21, 24, 21, 24, 22, 21, 25, 24, 20, 30, 24, 23, 19, 24, 30, 
29, 30, 25, 20, 28, 27, 21, 24, 24, 20, 23, 26, 23, 22, 18, 22, 
20, 23, 23, 25, 26, 21, 23, 29, 19, 25, 26, 22, 20, 19, 21, 22, 
19, 20, 26, 24, 18, 27, 20, 24, 24, 19, 20, 24, 24, 18, 21, 25, 
24, 21, 20, 24, 23, 26, 21, 25, 22, 25, 26, 24, 18, 30, 24, 27, 
30, 21, 27, 24, 30, 23, 26, 30, 24, 22, 23, 19, 22, 26, 24, 25, 
23, 28, 19, 24, 25, 30, 25, 22, 25, 23, 28, 27, 22, 24, 24, 23, 
24, 24, 22, 22, 28, 18, 19, 19, 24, 25, 25, 25, 22, 29, 23, 25, 
27, 28, 20, 25, 20, 19, 23, 27, 19, 22, 21, 18, 20, 24, 18, 23, 
26, 25, 25, 19, 27, 26, 20, 21, 19, 23, 23, 22, 24, 19, 28, 22, 
19, 24, 29, 29, 21, 23, 21, 25, 26, 23, 25, 21, 24, 24, 25, 24, 
22, 24, 19, 27, 25, 19, 23, 24, 18, 18, 26, 24, 28, 30, 29, 26, 
20, 25, 19, 24, 24, 28, 25, 27, 25, 28, 21, 20, 21, 19, 23, 23, 
24, 26, 20, 26, 24, 22, 24, 28, 24, 31, 19, 19, 21, 28, 22, 27, 
22, 19, 22, 22, 22, 25, 28, 19, 21, 30, 25, 20, 30, 25, 31, 25, 
18, 18, 21, 30, 19, 23, 24, 24, 24, 30, 28, 25, 26, 27, 27, 25, 
20, 27, 20, 23, 27, 22, 25, 25, 27, 20, 22, 28, 24, 20, 31, 20, 
26, 22, 25), Fisica1 = c(24, 30, 25, 20, 27, 20, 31, 22, 20, 
23, 23, 26, 19, 24, 24, 26, 30, 20, 26, 25, 22, 20, 27, 23, 27, 
23, 20, 23, 24, 26, 19, 27, 31, 26, 28, 23, 24, 26, 24, 23, 24, 
21, 27, 19, 26, 30, 27, 23, 26, 22, 26, 24, 26, 26, 26, 25, 27, 
26, 20, 27, 28, 24, 21, 26, 27, 27, 26, 27, 27, 20, 23, 30, 30, 
25, 30, 26, 20, 22, 28, 26, 26, 22, 28, 26, 30, 22, 20, 30, 24, 
24, 23, 28, 23, 21, 19, 23, 22, 21, 25, 28, 24, 27, 25, 28, 29, 
27, 18, 20, 24, 28, 22, 26, 20, 25, 23, 26, 27, 30, 25, 25, 30, 
28, 31, 29, 24, 23, 27, 26, 26, 28, 25, 27, 30, 23, 24, 22, 27, 
22, 28, 24, 28, 22, 21, 27, 27, 24, 28, 25, 22, 23, 24, 18, 25, 
25, 20, 28, 23, 20, 30, 27, 25, 30, 29, 25, 28, 20, 24, 28, 23, 
26, 27, 28, 24, 21, 30, 28, 26, 19, 31, 28, 22, 26, 31, 19, 25, 
30, 26, 27, 26, 26, 25, 25, 28, 26, 23, 29, 27, 28, 30, 30, 24, 
28, 30, 27, 25, 27, 30, 30, 23, 26, 28, 30, 30, 26, 28, 23, 30, 
27, 27, 26, 21, 24, 22, 27, 30, 21, 22, 27, 20, 21, 30, 28, 20, 
28, 28, 27, 28, 27, 26, 30, 30, 28, 27, 26, 26, 26, 28, 30, 27, 
30, 28, 19, 23, 30, 30, 28, 22, 25, 25, 25, 24, 28, 25, 27, 24, 
27, 30, 31, 27, 24, 26, 18, 28, 20, 25, 26, 23, 24, 23, 22, 24, 
28, 28, 28, 28, 30, 25, 24, 23, 20, 22, 26, 20, 28, 30, 28, 30, 
22, 23, 23, 28, 23, 27, 25, 30, 27, 30, 27, 19, 23, 25, 28, 24, 
28, 28, 23, 26, 28, 28, 24, 24, 25, 31, 27, 25, 28, 27, 19, 24, 
23, 24, 19, 18, 23, 26, 22, 19, 24, 27, 26, 26, 27, 27, 27, 24, 
20, 23, 22, 25, 26, 23, 25, 28, 30, 28, 25, 23, 25, 27, 28, 24, 
28, 28, 25, 27, 30, 27, 20, 23, 18, 22, 27, 26, 27, 23, 26, 23, 
28, 26, 18), Fisica2 = c(28, 30, 22, 18, 18, 28, 28, 25, 31, 
27, 24, 30, 27, 23, 27, 26, 30, 30, 25, 26, 25, 30, 30, 18, 18, 
30, 31, 27, 23, 26, 30, 30, 28, 18, 27, 25, 28, 27, 27, 27, 24, 
28, 30, 24, 30, 30, 27, 24, 27, 28, 31, 29, 23, 28, 27, 27, 30, 
30, 31, 30, 27, 26, 28, 26, 28, 26, 25, 31, 28, 28, 28, 31, 31, 
28, 26, 26, 25, 28, 28, 25, 28, 23, 29, 30, 27, 18, 28, 31, 25, 
23, 30, 28, 30, 31, 28, 28, 27, 31, 26, 28, 26, 30, 27, 29, 30, 
27, 27, 27, 24, 31, 30, 30, 30, 25, 26, 31, 30, 25, 23, 31, 31, 
31, 31, 28, 23, 28, 25, 30, 25, 26, 30, 30, 31, 23, 28, 26, 26, 
30, 25, 20, 31, 22, 30, 27, 30, 29, 30, 25, 27, 21, 25, 26, 24, 
28, 26, 24, 28, 26, 30, 27, 25, 30, 27, 30, 27, 27, 30, 30, 27, 
27, 27, 30, 28, 18, 31, 31, 30, 26, 30, 30, 24, 28, 31, 26, 26, 
30, 30, 28, 26, 27, 26, 30, 30, 31, 20, 31, 24, 30, 31, 27, 29, 
27, 26, 30, 31, 28, 30, 30, 23, 27, 30, 29, 30, 31, 28, 27, 27, 
28, 30, 30, 27, 28, 28, 24, 27, 24, 28, 30, 26, 28, 29, 26, 27, 
28, 28, 27, 30, 30, 28, 27, 28, 30, 30, 30, 28, 30, 25, 28, 28, 
26, 28, 18, 24, 28, 30, 30, 30, 28, 27, 27, 23, 29, 27, 31, 30, 
22, 27, 31, 31, 28, 20, 25, 28, 28, 22, 26, 28, 20, 27, 27, 25, 
31, 30, 30, 27, 31, 25, 30, 30, 26, 22, 27, 30, 28, 30, 31, 30, 
22, 27, 28, 27, 31, 28, 26, 30, 28, 31, 28, 26, 22, 23, 27, 26, 
25, 28, 27, 26, 30, 28, 28, 23, 30, 30, 27, 24, 27, 30, 30, 29, 
27, 27, 27, 28, 28, 30, 24, 24, 25, 25, 27, 25, 30, 26, 26, 30, 
21, 18, 19, 27, 28, 27, 24, 30, 28, 31, 28, 25, 27, 28, 31, 25, 
28, 31, 27, 27, 30, 24, 28, 23, 28, 26, 30, 28, 26, 25, 31, 26, 
30, 30, 25),