"voti" <-
structure(list(Cal1 = c(30, 28, 30, 27, 28, 26, 26, 27, 28, 28, 
26, 27, 26, 28, 23, 27, 25, 25, 28, 23, 25, 26, 20, 26, 26, 26, 
25, 21, 25, 23, 23, 25, 24, 23, 24, 27, 25, 25, 25, 24, 22, 25, 
24, 25, 25, 24, 26, 21, 23, 25, 23, 21, 26, 27, 24, 24, 24, 24, 
25, 24, 28, 25, 23, 21, 23, 27, 24, 23, 21, 23, 25, 20, 25, 23, 
20, 26, 21, 19, 22, 23, 18, 19, 20, 20, 19, 20, 19, 18), Cal2 = c(30, 
29, 29, 28, 27, 27, 28, 28, 26, 28, 27, 28, 25, 27, 26, 27, 28, 
28, 24, 25, 27, 23, 26, 25, 25, 25, 26, 24, 25, 24, 28, 25, 21, 
23, 26, 23, 26, 23, 26, 27, 26, 24, 27, 25, 27, 26, 25, 26, 26, 
26, 26, 25, 26, 25, 26, 24, 22, 24, 24, 24, 24, 23, 23, 25, 22, 
25, 23, 25, 25, 21, 23, 24, 23, 22, 25, 25, 22, 23, 23, 20, 18, 
25, 23, 23, 21, 21, 21, 23), St2 = c(28, 30, 28, 27, 27, 29, 
27, 28, 26, 26, 26, 26, 27, 26, 26, 26, 25, 26, 26, 27, 25, 26, 
26, 24, 26, 24, 25, 24, 27, 24, 24, 25, 25, 24, 25, 26, 26, 25, 
25, 25, 26, 24, 24, 25, 24, 25, 24, 25, 24, 24, 24, 26, 24, 24, 
24, 24, 23, 25, 22, 24, 22, 23, 24, 23, 24, 22, 23, 22, 25, 24, 
24, 22, 24, 23, 24, 22, 21, 24, 22, 23, 25, 23, 23, 22, 23, 21, 
18, 19), St3 = c(29, 30, 29, 30, 30, 29, 29, 28, 28, 28, 29, 
28, 27, 27, 27, 27, 27, 27, 27, 29, 28, 26, 29, 28, 25, 28, 28, 
27, 26, 27, 26, 28, 28, 27, 25, 27, 26, 27, 26, 27, 27, 26, 25, 
24, 24, 26, 26, 27, 27, 24, 27, 25, 24, 19, 22, 20, 26, 25, 23, 
23, 21, 25, 25, 27, 26, 21, 22, 22, 23, 25, 22, 25, 19, 25, 21, 
21, 25, 21, 26, 23, 25, 20, 21, 22, 23, 23, 20, 18), St1 = c(30, 
30, 30, 28, 27, 29, 28, 26, 28, 24, 26, 24, 27, 23, 29, 23, 25, 
24, 24, 27, 24, 27, 28, 24, 25, 24, 22, 30, 22, 27, 24, 23, 27, 
28, 25, 22, 22, 23, 22, 21, 24, 23, 22, 23, 23, 22, 23, 23, 22, 
22, 22, 25, 21, 24, 24, 27, 25, 20, 25, 24, 24, 22, 21, 22, 21, 
20, 22, 23, 22, 22, 19, 23, 22, 20, 22, 18, 23, 23, 19, 21, 23, 
20, 20, 19, 20, 20, 20, 19)), .Names = c("Cal1", "Cal2", "St2", 
"St3", "St1"), row.names = c("1", "2", "3", "4", "5", "6", "7", 
"8", "9", "10", "11", "12", "13", "14", "15", "16", "17", "18", 
"19", "20", "21", "22", "23", "24", "25", "26", "27", "28", "29", 
"30", "31", "32", "33", "34", "35", "36", "37", "38", "39", "40", 
"41", "42", "43", "44", "45", "46", "47", "48", "49", "50", "51", 
"52", "53", "54", "55", "56", "57", "58", "59", "60", "61", "62", 
"63", "64", "65", "66", "67", "68", "69", "70", "71", "72", "73", 
"74", "75", "76", "77", "78", "79", "80", "81", "82", "83", "84", 
"85", "86", "87", "88"), class = "data.frame")
