"worm" <-
structure(list(ldose = c(0, 1, 2, 3, 4, 5, 0, 1, 2, 3, 4, 5), 
    sex = structure(c(2, 2, 2, 2, 2, 2, 1, 1, 1, 1, 1, 1), .Label = c("1", 
    "2"), class = "factor"), dead = c(1, 4, 9, 13, 18, 20, 0, 
    2, 6, 10, 12, 16), notdead = c(19, 16, 11, 7, 2, 0, 20, 18, 
    14, 10, 8, 4)), .Names = c("ldose", "sex", "dead", "notdead"
), row.names = c("1", "2", "3", "4", "5", "6", "7", "8", "9", 
"10", "11", "12"), class = "data.frame")
